2.3088037967681885
2.074575185775757
1.5180362462997437
0.8567794561386108
0.754568874835968
0.3788674473762512
0.5432827472686768
0.4618813693523407
0.4006679952144623
0.38399794697761536
0.2883961796760559
0.38795986771583557
0.33012470602989197
0.28974780440330505
0.2855979800224304
0.27755290269851685
0.20643645524978638
0.12617792189121246
0.25213804841041565
0.18119820952415466
0.18048566579818726
0.09425552189350128
0.19603517651557922
0.17271310091018677
0.19544179737567902
0.3036346733570099
0.18265320360660553
0.09942186623811722
0.08826225250959396
0.12239754945039749
0.18290506303310394
0.18040049076080322
0.0636904314160347
0.19680164754390717
0.14726662635803223
0.12008009105920792
0.17828485369682312
0.1613396853208542
0.16232290863990784
0.14826393127441406
0.11925604939460754
0.15810362994670868
0.1310144066810608
0.09744798392057419
0.11820989847183228
0.056832604110240936
0.025135688483715057
0.275510311126709
0.24161922931671143
0.11001148819923401
0.09003284573554993
0.11946804076433182
0.11352527886629105
0.1334579885005951
0.10913155227899551
0.1699724942445755
0.0977528765797615
0.13685593008995056
0.18577153980731964
0.26229339838027954
0.0756966844201088
0.20112310349941254
0.04885450750589371
0.2417295277118683
0.09677383303642273
0.08056569844484329
0.08907777816057205
0.04652600362896919
0.08395908027887344
0.07444603741168976
0.0437784418463707
0.02789033204317093
0.11921468377113342
0.0195769052952528
0.146226704120636
0.0903187096118927
0.037430327385663986
0.045017436146736145
0.018386535346508026
0.09877705574035645
0.10942267626523972
0.07532308250665665
0.09139201045036316
0.1424405425786972
0.20791387557983398
0.10739117860794067
0.08757567405700684
0.030901771038770676
0.04033074900507927
0.10670597106218338
0.039661284536123276
0.07458681613206863
0.05612762272357941
0.10563948005437851
0.11643627285957336
0.06000010669231415
0.13532163202762604
0.1561383754014969
0.0873413011431694
0.04541138559579849
0.07195980101823807
0.16475039720535278
0.009107076562941074
0.06759212911128998
0.05751442536711693
0.06380929052829742
0.07255130261182785
0.06669902056455612
0.03035682998597622
0.0855785459280014
0.09538158774375916
0.06748370081186295
0.10780677199363708
0.1133430078625679
0.016211461275815964
0.024348817765712738
0.03275671973824501
0.07322458922863007
0.11196252703666687
0.03479665517807007
0.0288378968834877
0.034649644047021866
0.01928619109094143
0.03396894782781601
0.023612968623638153
0.017499912530183792
0.09136843681335449
0.172569140791893
0.06326694041490555
0.07454387843608856
0.10423678159713745
0.0961301401257515
0.024898331612348557
0.05868549644947052
0.052179303020238876
0.08065355569124222
0.07158016413450241
0.01796553283929825
0.07164241373538971
0.034542545676231384
0.06970260292291641
0.14075352251529694
0.1743873655796051
0.05126601830124855
0.008473600260913372
0.03286944329738617
0.038640283048152924
0.017772773280739784
0.016520481556653976
0.0186137892305851
0.0975123718380928
0.11043262481689453
0.09918024390935898
0.0781649723649025
0.06441416591405869
0.17676712572574615
0.03936325013637543
0.05705792456865311
0.10449445992708206
0.101519376039505
0.02881723828613758
0.028318697586655617
0.02849561534821987
0.10837876051664352
0.012655725702643394
0.04257802665233612
0.09177600592374802
0.12628981471061707
0.09752430766820908
0.04254649952054024
0.00968525093048811
0.08476246148347855
0.03431682661175728
0.05877823755145073
0.09531396627426147
0.028114639222621918
0.08785226941108704
0.005998149514198303
0.06954684853553772
0.034144483506679535
0.0932466983795166
0.016155701130628586
0.014378980733454227
0.06790021061897278
0.014294770546257496
0.03229062631726265
0.011273182928562164
0.04577924311161041
0.0049008456990122795
0.1362244039773941
0.09315326809883118
0.110735222697258
0.029431479051709175
0.034240808337926865
0.013670248910784721
0.03315054997801781
0.12388335913419724
0.03107423521578312
0.019053183495998383
0.040570445358753204
0.013187924399971962
0.066822849214077
0.010167471133172512
0.013101030141115189
0.010248123668134212
0.050625041127204895
0.008954727090895176
0.031127378344535828
0.03785879909992218
0.043443504720926285
0.013580595143139362
0.017758289352059364
0.024717135354876518
0.0302411075681448
0.012326499447226524
0.04631597176194191
0.09515757858753204
0.044135045260190964
0.016067231073975563
0.02473323605954647
0.014844510704278946
0.0949096754193306
0.03827468305826187
0.03499722480773926
0.027914533391594887
0.054981790482997894
0.006688013672828674
0.02327183075249195
0.03588162735104561
0.012445583008229733
0.01830134354531765
0.009393937885761261
0.014448522590100765
0.022803468629717827
0.1033981442451477
0.03146640583872795
0.04113917425274849
0.06522784382104874
0.08422428369522095
0.025449734181165695
0.009249359369277954
0.115631602704525
0.005869137588888407
0.0758228674530983
0.02441464178264141
0.007327845320105553
0.04632851108908653
0.024816058576107025
0.005942195188254118
0.04744105786085129
0.0566566102206707
0.031119773164391518
0.021689491346478462
0.03462821617722511
0.0334525927901268
0.012697695754468441
0.06154487282037735
0.04696452245116234
0.10262987017631531
0.023694954812526703
0.017875483259558678
0.03157844394445419
0.011947700753808022
0.01628916710615158
0.03837046027183533
0.01261712796986103
0.008567607030272484
0.055256038904190063
0.05931781232357025
0.037540312856435776
0.07889578491449356
0.019279856234788895
0.08789244294166565
0.08210181444883347
0.06841165572404861
0.005003772210329771
0.17256294190883636
0.030178310349583626
0.020174510776996613
0.025873234495520592
0.011074790731072426
0.029230596497654915
0.01771467737853527
0.043104447424411774
0.01866176165640354
0.07701626420021057
0.009872467257082462
0.022775422781705856
0.005038009956479073
0.04116477817296982
0.012678015977144241
0.08560677617788315
0.02395232953131199
0.009342684410512447
0.06922362744808197
0.035665806382894516
0.025369828566908836
0.004451207350939512
0.0726545974612236
0.013594125397503376
0.05060352757573128
0.049019571393728256
0.0391506589949131
0.008897584863007069
0.030902395024895668
0.02671971544623375
0.016064990311861038
0.00595072191208601
0.014740613289177418
0.017282996326684952
0.02187635935842991
0.01122310385107994
0.04420239478349686
0.11733710020780563
0.024176333099603653
0.0152564262971282
0.07804190367460251
0.007646866608411074
0.022414831444621086
0.062214456498622894
0.018907956779003143
0.05371039733290672
0.03346709907054901
0.011563735082745552
0.025517703965306282
0.011888413690030575
0.03791632503271103
0.017097560688853264
0.02882375754415989
0.006403820123523474
0.024024909362196922
0.0022737698163837194
0.079283706843853
0.024205956608057022
0.005142834968864918
0.015498277731239796
0.031118547543883324
0.017837321385741234
0.04763290286064148
0.030118318274617195
0.07402114570140839
0.012042960152029991
0.04473235085606575
0.0497204065322876
0.017883213236927986
0.0075120883993804455
0.07371427863836288
0.003907761070877314
0.018866918981075287
0.05396729335188866
0.03639965504407883
0.04588030278682709
0.005846901331096888
0.01600366272032261
0.047679200768470764
0.002852222416549921
0.014294507913291454
0.060528453439474106
0.022415390238165855
0.1019405946135521
0.017975443974137306
0.02252579852938652
0.017546501010656357
0.07065227627754211
0.04016394168138504
0.011331397108733654
0.0063675218261778355
0.0073752133175730705
0.023426484316587448
0.00979662872850895
0.05381099134683609
0.005281052552163601
0.005133296828716993
0.0020244379993528128
0.012601261027157307
0.015379470773041248
0.020327525213360786
0.018834898248314857
0.008043712936341763
0.029979074373841286
0.024731799960136414
0.03281281143426895
0.011827098205685616
0.048933371901512146
0.014340587891638279
0.025028027594089508
0.051239144057035446
0.06887968629598618
0.03966950252652168
0.030590834096074104
0.012609281577169895
0.07437571883201599
0.020942719653248787
0.06671715527772903
0.010902119800448418
0.04207932576537132
0.004575679078698158
0.01032092422246933
0.006921111140400171
0.023399516940116882
0.004100034013390541
0.07963287085294724
0.043034691363573074
0.005583968013525009
0.08316262066364288
0.0014624373288825154
0.008060356602072716
0.016095073893666267
0.04095230624079704
0.003083408111706376
0.004460748750716448
0.009038833901286125
0.0037467689253389835
0.003222987987101078
0.0028555465396493673
0.05948705971240997
0.00619324017316103
0.0151048693805933
0.030902812257409096
0.03852129355072975
0.06950445473194122
0.02103574015200138
0.0015546157956123352
0.008420895785093307
0.011496366001665592
0.02801654301583767
0.002853993559256196
0.030116522684693336
0.06954861432313919
0.0008585304603911936
0.03560377284884453
0.05330976843833923
0.005228512920439243
0.019226986914873123
0.003116998355835676
0.046090904623270035
0.02130218595266342
0.0052061788737773895
0.0060886843129992485
0.005282295867800713
0.005748519208282232
0.012373639270663261
0.00935185607522726
0.09000487625598907
0.00638359971344471
0.0034672776237130165
0.003760888474062085
0.034942105412483215
0.008211719803512096
0.032458312809467316
0.051961831748485565
0.040926262736320496
0.0018787238514050841
0.0036846306174993515
0.004919594153761864
0.02540627308189869
0.013575710356235504
0.031989723443984985
0.04861520603299141
0.001574331079609692
0.003361055161803961
0.004898579325526953
0.013197444379329681
0.007826554588973522
0.0007926736725494266
0.003932813182473183
0.009494590573012829
0.01599835604429245
0.004630725830793381
0.042650721967220306
0.0018224520608782768
0.029729897156357765
0.003923450596630573
0.0004455819434951991
0.018668094649910927
0.020727548748254776
0.012957967817783356
0.03133689984679222
0.07412184029817581
0.06419914960861206
0.004884737078100443
0.027705561369657516
0.007001442834734917
0.007627521175891161
0.04797683283686638
0.009328285232186317
0.08437205106019974
0.021254470571875572
0.002294122241437435
0.0028266797307878733
0.04205799102783203
0.008977838791906834
0.003399374196305871
0.022446436807513237
0.03539784252643585
0.007513868622481823
0.0583220049738884
0.01300610788166523
0.008005599491298199
0.019602816551923752
0.015106908045709133
0.009619256481528282
0.004992370028048754
0.017930595204234123
0.03640707582235336
0.004925694316625595
0.045335326343774796
0.008977103978395462
0.0021907752379775047
0.029122095555067062
0.03273442015051842
0.015474923886358738
0.005856936797499657
0.00137502106372267
0.01866239495575428
0.0264766663312912
0.006825704593211412
0.021341048181056976
0.039731260389089584
0.017539024353027344
0.004664221778512001
0.03766573593020439
0.002386287786066532
0.04499552398920059
0.003975074738264084
0.06820464879274368
0.002913170726969838
0.025415582582354546
0.022980697453022003
0.002000232692807913
0.0030597078148275614
0.03572940453886986
0.003217946970835328
0.002002966357395053
0.0684351772069931
0.00598461739718914
0.001157059334218502
0.007678930647671223
0.0021589475218206644
0.025039248168468475
0.004673296585679054
0.00222140084952116
0.0036397790536284447
0.020201101899147034
0.0021724491380155087
0.009696456603705883
0.006183142773807049
0.02158939279615879
0.001985750161111355
0.0008278550230897963
0.0007041171193122864
0.001149466959759593
0.010906108655035496
0.007927420549094677
0.007887396961450577
0.0006017406121827662
0.023270027711987495
0.0005077923997305334
0.0035709920339286327
0.09998380392789841
0.0013109302381053567
0.0807843953371048
0.0035909763537347317
0.03424473851919174
0.00896579958498478
0.0010218805400654674
0.005973946303129196
0.0007821500184945762
0.0004451853164937347
0.006327980197966099
0.0005566936451941729
0.006731431465595961
0.0013464930234476924
0.01037573255598545
0.0006298398948274553
0.037850573658943176
0.015125988982617855
0.036022987216711044
0.0028554799500852823
0.0052370126359164715
0.012847780250012875
0.02805914357304573
0.008129490539431572
0.05587688460946083
0.04059566557407379
0.011531496420502663
0.09308414161205292
0.002707880223169923
0.0011704699136316776
0.053348179906606674
0.0066584376618266106
0.007072971668094397
0.01607026718556881
0.0014074227074161172
0.06877046823501587
0.00033204894862137735
0.005967287812381983
0.021435482427477837
0.0010833791457116604
0.0030745244584977627
0.004346726927906275
0.0045523629523813725
0.006242123432457447
0.008187605999410152
0.006406372878700495
0.001953714992851019
0.014249308034777641
0.00520908460021019
0.00447662640362978
0.0013561988016590476
0.0009731242898851633
0.0005546995089389384
0.016322504729032516
0.023902814835309982
0.025056924670934677
0.0004259491397533566
0.006493376102298498
0.005985716357827187
0.0061185844242572784
0.014689972624182701
0.009535934776067734
0.003320838324725628
0.005510266404598951
0.006725743412971497
0.002483633579686284
0.013405540958046913
0.0019447305239737034
0.003576585091650486
0.0016563540557399392
0.01054623443633318
0.01301967166364193
0.0005622148746624589
0.005837547592818737
0.02893088385462761
0.009289830923080444
0.0013559403596445918
0.03166820853948593
0.02274884469807148
0.025167152285575867
0.006711465772241354
0.0045270733535289764
0.001070509199053049
0.007240250241011381
0.004543457180261612
0.007033536210656166
0.003827894339337945
0.0033348710276186466
0.02043212205171585
0.005349821411073208
0.006452932488173246
0.01698680967092514
0.0007373024709522724
0.0035735792480409145
0.002195595297962427
0.00043536527664400637
0.002049725968390703
0.002359941368922591
0.015783563256263733
0.005678778514266014
0.058440111577510834
0.0016939671477302909
0.004911024589091539
0.11936885118484497
0.0008770682034082711
0.0007762543973512948
0.000832104473374784
0.0035093759652227163
0.0009100115275941789
0.0285435039550066
0.0038045274559408426
0.016011198982596397
0.01255958154797554
0.0062558334320783615
0.004811602644622326
0.009876380674540997
0.000403746438678354
0.001998822670429945
0.0026633513625711203
0.002781749702990055
0.0035323540214449167
0.0002750986022874713
0.005875870119780302
0.0017513313796371222
0.009419322945177555
0.0017412948654964566
0.0039278618060052395
0.013228788040578365
0.008600085973739624
0.00419969717040658
0.004948510322719812
0.005255606025457382
0.0021205723751336336
0.008253956213593483
0.05663260817527771
0.011680125258862972
0.004670050926506519
0.0333932489156723
0.00313696451485157
0.004041096195578575
0.008906440809369087
0.0026280435267835855
0.0014097880339249969
7.462243956979364e-05
0.002320223720744252
7.773051765980199e-05
0.06760522723197937
0.0007672214997000992
0.0001486392575316131
0.0008955164230428636
0.02937173657119274
0.00720618013292551
0.008645114488899708
0.004118324723094702
0.03903578221797943
0.0007925318786874413
0.004185136873275042
0.0035832447465509176
0.0016235577641054988
0.0005435302155092359
0.0015389957698062062
0.00013414585555437952
0.0023085526190698147
0.0023074992932379246
0.0014632545644417405
0.0009278227225877345
0.000185659242561087
0.04659389331936836
0.006811951287090778
0.0008402381790801883
0.0009090155945159495
0.0043758004903793335
0.000675087096169591
0.0008711590780876577
0.004479716997593641
0.0019177778158336878
0.004347074776887894
0.002981701400130987
0.0021832662168890238
0.001447574351914227
0.0007373198750428855
0.038032639771699905
0.0013821906177327037
0.006523930002003908
0.004426566883921623
5.671745020663366e-05
0.0001374776184093207
0.0007990762824192643
0.000596197263803333
0.002234978834167123
0.00039419904351234436
0.0011638053692877293
0.007780424319207668
0.003944417927414179
0.004643822554498911
0.0022172960452735424
0.0003916282148566097
0.004603739362210035
0.000425055535743013
0.02077621780335903
0.0020853248424828053
0.001956731779500842
0.0005687868688255548
0.0021830080077052116
0.011737511493265629
0.003922905772924423
0.0014275726862251759
0.03111260011792183
0.002776633482426405
0.005868310108780861
0.011288922280073166
0.002404105383902788
0.002804515650495887
0.008078714832663536
0.0037117856554687023
0.0002201576717197895
0.0023054038174450397
0.003961045295000076
0.009221457876265049
0.006038105580955744
0.0034153247252106667
0.0035685331095010042
0.011450959369540215
0.003362833522260189
0.00026025198167189956
0.004367153625935316
0.0005667695659212768
0.003574696835130453
0.003957022912800312
0.0006898085703141987
0.0011451981263235211
0.0027104041073471308
0.0010266848839819431
0.0005145568284206092
0.0002685505314730108
0.03759878873825073
0.0013202831614762545
0.0002521208662074059
0.004638284910470247
0.00018407484458293766
0.0014068542513996363
0.0030011599883437157
0.0005077483365312219
0.0004338051367085427
0.0014369667042046785
0.004301239270716906
0.0006847269251011312
0.007875101640820503
0.0002454124914947897
0.014025066047906876
0.00477349478751421
0.0005087467143312097
0.0004303428577259183
0.0012659328058362007
0.00013869768008589745
0.0009269500733353198
0.001202995888888836
0.015071386471390724
0.0008463356643915176
0.0025312721263617277
0.000254844781011343
0.0009191060671582818
0.0014495794894173741
0.00041862245416268706
0.012568273581564426
0.028120577335357666
5.401366070145741e-05
0.0016978797502815723
0.0002008425653912127
0.0032319119200110435
0.002965770661830902
0.00015897162666078657
0.00025479710893705487
0.0020610997453331947
0.001796577824279666
0.005916211754083633
0.0005166817572899163
0.004762408323585987
0.00035326171200722456
5.825309926876798e-05
0.013564962893724442
0.02331599034368992
0.006264137104153633
0.002409468637779355
0.0009103681077249348
0.000641798076685518
0.0017827965784817934
0.004261309746652842
6.565990042872727e-05
0.005026041995733976
0.004895600490272045
0.0001371408288832754
0.005208930931985378
0.004154478665441275
0.007182462606579065
0.00016396399587392807
0.00038480665534734726
0.0006112030241638422
8.480740507366136e-05
0.0010029312688857317
0.0003479336155578494
0.0005307298270054162
0.0014332771534100175
0.0009206434478983283
0.0025746840983629227
0.0018057668348774314
0.0019573846366256475
0.0001024208904709667
0.006810644641518593
0.009689983911812305
0.0025818876456469297
0.0035204847808927298
0.00012061666348017752
0.00027355714701116085
0.0001634197251405567
0.0012714019976556301
0.005264212377369404
0.0003611199208535254
0.00021824188297614455
0.0006599054322578013
0.00823662243783474
0.00025530849234201014
0.0016119411448016763
0.00044747706851921976
0.00675081554800272
0.0020936368964612484
0.0006422082078643143
0.0003426575567573309
0.0003413375234231353
0.0022201554384082556
0.0005620046285912395
0.0007564016268588603
0.00164694560226053
0.003446888644248247
0.0005978716071695089
0.0016442580381408334
0.0007084491662681103
0.0019791657105088234
0.016479123383760452
0.00021301378728821874
0.004788858816027641
0.00022221145627554506
0.0005252371192909777
0.0020480870734900236
0.00015444622840732336
7.777680002618581e-05
0.00018779997481033206
6.41487495158799e-05
0.000934479758143425
0.0012091015232726932
0.0015716834459453821
9.527147631160915e-05
0.0006390613853000104
0.00551115395501256
6.396992830559611e-05
0.003017341485247016
0.0003623920783866197
0.0006633728626184165
0.00042628750088624656
0.00048100558342412114
0.010412735864520073
0.02812822349369526
0.0028327174950391054
0.0006280977977439761
0.0013335187686607242
0.038292743265628815
0.00019522577349562198
0.0024196512531489134
0.00021675806783605367
0.0008140807622112334
0.003583377692848444
0.00031870868406258523
8.032633195398375e-05
0.0018198707839474082
0.0021603077184408903
0.00011325403465889394
0.0004137599025852978
0.0015147548401728272
0.00014265924983192235
0.0013150840532034636
0.0020577770192176104
0.0028341179713606834
0.0001737134880386293
0.00023585189774166793
0.00527846859768033
0.0031701303087174892
0.0003296494542155415
0.0009017757256515324
0.0035052415914833546
5.311237691785209e-05
0.006323791574686766
0.0010196890216320753
0.0007492423756048083
0.0027842118870466948
0.002551829209551215
4.0219947550212964e-05
0.0013497675536200404
0.007961560972034931
0.0020811634603887796
0.000939244928304106
0.0010985255939885974
0.0008667001966387033
0.0004063775995746255
0.0005397542263381183
0.0006838542758487165
0.0021967473439872265
0.00046264089178293943
0.0005930604529567063
0.0013396498980000615
1.0463673788763117e-05
7.268536137416959e-05
0.00023603878798894584
0.0016459343023598194
0.00033480790443718433
0.00036574259866029024
0.0002995389804709703
2.607675014587585e-05
4.833142884308472e-05
0.0002466557780280709
0.0035780637990683317
0.0007631374173797667
0.0003586988605093211
0.0004957784549333155
5.318763214745559e-05
0.00013185275020077825
3.189882409060374e-05
0.000906475936062634
4.105307743884623e-05
0.000837781117297709
0.0001737879210850224
0.0007376063731499016
0.0007431471603922546
0.0014635014813393354
0.0030476581305265427
0.00317386444658041
0.0003236114280298352
0.01528103742748499
0.0009300383972004056
6.15474273217842e-05
0.0014265908394008875
0.0003303861303720623
9.935107664205134e-05
6.17884288658388e-05
0.0007142527610994875
0.0003365865850355476
0.000874457648023963
0.00014833627210464329
0.0020073214545845985
0.0006224442622624338
0.008284423500299454
0.00010271757491864264
0.0004477995971683413
0.00040743540739640594
0.0034487617667764425
8.611674275016412e-05
0.03226964920759201
0.0001982228714041412
4.7281369916163385e-05
7.344171172007918e-05
5.549735942622647e-05
0.00015593357966281474
0.000258082349319011
6.40347643638961e-05
0.001566787832416594
0.00615891395136714
0.0001857905153883621
0.0004833400889765471
0.00011613269452936947
0.0016884166980162263
8.275426807813346e-05
0.0014497707597911358
0.00018841699056793004
0.0006764413556084037
0.0006212809239514172
0.00013784797920379788
4.5253611460793763e-05
0.00036541034933179617
0.0004297390696592629
0.0005674839485436678
0.00041709229117259383
0.0013513481244444847
0.0005856031784787774
0.006884061731398106
0.0002024578134296462
0.00084428780246526
0.00018931578961201012
0.000366310152458027
0.0005627996288239956
0.001023894059471786
0.0005950022023171186
0.00011276732402620837
3.214055686839856e-05
0.0008616021950729191
6.853882950963452e-05
0.0001075243199011311
0.00022315408568829298
0.0008400413207709789
5.266058360575698e-05
0.00039255409501492977
0.0007863495266065001
0.0005123958690091968
0.0003083406772930175
6.270877929637209e-05
0.0022529878187924623
0.002056876663118601
0.000599575461819768
0.0008590005454607308
7.460572669515386e-05
2.6707943106885068e-05
0.003108405973762274
0.0013076673494651914
4.540782538242638e-05
0.00016826216597110033
0.0030287366826087236
0.014177331700921059
0.03507333621382713
7.618808012921363e-05
0.00023415453324560076
0.00010345167538616806
4.186957448837347e-05
0.001802649348974228
0.0013971509179100394
0.00011072264169342816
0.00135493790730834
0.0001811631373129785
0.0006059581064619124
0.00038716013659723103
0.0007598649244755507
0.004907605703920126
0.00022987244301475585
0.00023469672305509448
0.00024880122509784997
4.208199243294075e-05
0.0005707982345484197
0.00011100346455350518
6.580467015737668e-05
0.00043197296326979995
0.0007243137224577367
0.00039478696999140084
0.0004984057741239667
0.0008402823586948216
0.00019498429901432246
0.0008457140647806227
0.0002460543473716825
7.410016405628994e-05
0.00016148918075487018
0.0014725932851433754
0.00016349386714864522
0.0008863250259310007
0.0013876527082175016
6.955766002647579e-05
0.0010458227479830384
0.0005929998587816954
0.0003129787801299244
0.0002522895811125636
0.008194084279239178
0.0015721103409305215
9.593739378033206e-05
0.0028865011408925056
0.00014645321061834693
0.0002914340002462268
0.00012633574078790843
0.0009326376020908356
6.552429840667173e-05
0.0004876602324657142
0.0002649319649208337
0.0019855359569191933
0.005841403733938932
0.0013257783139124513
0.0009510362287983298
0.0007029217667877674
0.0003376964887138456
0.0005392890307120979
0.000802036200184375
2.343776577617973e-05
0.0028055363800376654
5.7204877521144226e-05
0.009996971115469933
0.0018506668275222182
0.0018932691309601068
0.00029782927595078945
0.001258919364772737
0.0003808893379755318
0.0022668952587991953
0.0010716490214690566
0.0006210969295352697
0.00026121141854673624
0.00011364852252881974
0.00043245390406809747
0.0007436099695041776
0.0001544902625028044
0.0001600596442585811
0.0007551159942522645
0.0017118703108280897
0.00032861187355592847
0.00038223163574002683
0.0002331156429136172
0.0018633385188877583
0.008182660676538944
0.001799559104256332
0.0008245173958130181
0.0005943601718172431
0.00010182854748563841
0.0006732057663612068
0.00035966935683973134
0.0015527792274951935
0.00033938526757992804
0.0005129605415277183
0.0004642411367967725
0.0004300994041841477
4.065598841407336e-05
0.00040113681461662054
0.00024865646264515817
0.002013132907450199
0.00022223922132980078
0.00022300049022305757
9.901056182570755e-05
7.839091995265335e-05
0.0003410906356293708
6.970970571273938e-05
0.0003676497144624591
0.00014202637248672545
0.0005071398336440325
0.0004232768260408193
0.0002137662231689319
0.0007260878919623792
1.2286525816307403e-05
0.00011146730685140938
0.00021146498329471797
0.00042695776210166514
0.0004555766936391592
0.0004965632688254118
1.317437181569403e-05
0.00022776078549213707
0.0060913716442883015
0.0012417417019605637
0.0012786522274836898
0.00023806054377928376
0.004497770220041275
0.0006145217921584845
0.0004218094109091908
0.0006290210294537246
0.0005768259288743138
0.0009071352542378008
9.797038364922628e-05
0.00010955170728266239
0.00032237646519206464
0.00025661970721557736
8.900413376977667e-05
0.000976049923337996
0.0001206253218697384
8.717640594113618e-05
3.5177363315597177e-05
0.0014959052205085754
0.00309218792244792
6.316349754342809e-06
0.00023537795641459525
0.00011538332182681188
0.00010284905147273093
0.0010108959395438433
0.00015084123879205436
0.00014630111400038004
0.00010560514056123793
0.0003975103027187288
0.009196830913424492
0.000249445263762027
0.0009364240104332566
0.0003419443091843277
0.0011853605974465609
0.0004050373681820929
0.0005592767265625298
6.62828388158232e-05
0.00027316639898344874
4.2934050725307316e-05
9.614894952392206e-05
0.000733817694708705
0.006142538972198963
0.0001022308788378723
0.000536926556378603
0.00013980573567096144
0.000940236437600106
0.0002628701040521264
0.0005961183342151344
0.0001414157304679975
9.816983947530389e-05
0.0004021777131129056
0.00041053679888136685
0.0003681696834973991
0.00024854010553099215
0.002015845850110054
2.506793498469051e-05
0.00014056819782126695
5.09501805936452e-05
0.00018093985272571445
8.536945097148418e-05
2.8113832740928046e-05
8.158760465448722e-05
0.003592244116589427
0.0008017654181458056
0.00021208131511230022
4.5380387746263295e-05
0.0003514183044899255
0.006256409455090761
7.989093865035102e-05
0.00032503853435628116
0.0011922053527086973
0.00039894477231428027
0.00067376799415797
0.0002207514044130221
0.00046159527846612036
0.0002755548630375415
0.0010911563877016306
0.0002004159614443779
0.00027402181876823306
0.0004912868025712669
0.0004080580547451973
0.0005212563555687666
0.00022913824068382382
5.709636025130749e-05
0.00027408578898757696
9.391146886628121e-05
0.0006057057762518525
0.00013299804413691163
0.00025856532738544047
0.0003073821135330945
0.00026807805988937616
7.1963484515436e-05
0.0020642969757318497
4.195748260826804e-05
8.327899558935314e-05
0.0008222463075071573
0.00019531470024958253
0.0004687659675255418
0.0005549632478505373
0.0001854606525739655
6.326745642581955e-05
0.0001189115209854208
0.0009435181273147464
0.000176244939211756
0.0002573082165326923
0.0003649896243587136
0.0001235271483892575
0.00010163546539843082
0.0005459701642394066
0.0002671635593287647
0.00014364387607201934
0.0014055701903998852
0.0008282488561235368
0.00023092556511983275
0.0002628073561936617
0.000715455214958638
0.00034797893022187054
0.000546410505194217
0.00020826980471611023
0.0001726463669911027
0.00044138103839941323
0.0012776198564097285
0.0001780330785550177
0.0006444381433539093
0.00038598128594458103
0.0003488175570964813
0.00023135847004596144
0.00010788737563416362
0.00033137676655314863
8.894795428204816e-06
0.0002665309002622962
0.00014333029685076326
0.00014166055188979954
0.0003185622626915574
2.5489260224276222e-05
0.000187840370927006
0.0034917425364255905
0.00023060120292939246
0.0008705010404810309
9.636865797801875e-06
0.0012480657314881682
0.00014991981151979417
9.067131031770259e-05
0.0011728268582373857
0.00034287580638192594
0.00015334899944718927
1.5132587577681988e-05
0.00249469093978405
2.9885626645409502e-05
5.7011326134670526e-05
0.0008437936194241047
0.00023712111578788608
3.379146437509917e-05
0.001223613740876317
0.0019691146444529295
2.8325934181339107e-05
0.00022152168094180524
0.0011249925009906292
7.152506441343576e-05
0.001410340191796422
0.0008411131566390395
0.0003248259308747947
0.00019916142628062516
0.0006523602642118931
9.196773316944018e-05
0.0003258996002841741
0.00010184381244471297
0.0005348189151845872
9.43765917327255e-05
0.0014511565677821636
0.000871997035574168
0.00025745254242792726
0.00043261979590170085
0.00028994365129619837
4.732180968858302e-06
5.007509753340855e-05
0.00017533636128064245
0.0004246732860337943
0.0008609140058979392
6.710807065246627e-05
0.002546552801504731
0.0004361647297628224
0.00031967193353921175
0.00027866160962730646
0.009353424422442913
0.002465667435899377
0.0006134342984296381
0.0005083663854748011
5.124950621393509e-05
7.139854278648272e-05
0.003211119445040822
0.00015095686831045896
0.0011871486203745008
0.00014726723020430654
0.0007105625700205564
0.0002775722532533109
0.00017624096653889865
9.015564137371257e-05
0.0009429620113223791
0.0005109687335789204
4.862388959736563e-05
0.0006732615875080228
0.00017470547754783183
0.0009017111151479185
0.0006683205137960613
0.0014041209360584617
0.0002684108621906489
0.0005857230280525982
0.01276060938835144
0.010811117477715015
0.0005544557934626937
0.00019433967827353626
0.0002462799893692136
0.0007246677414514124
8.447708387393504e-05
0.0002326671383343637
0.002094786148518324
3.4500040783314034e-05
0.0008061949047259986
0.0004697975527960807
0.0004556473286356777
0.0011053094640374184
0.0003159491461701691
0.0031025565695017576
0.0007744984468445182
0.00035755487624555826
7.548338908236474e-05
7.134115003282204e-05
0.0003619747585617006
0.00011451192403910682
0.0015151924453675747
0.0005611918168142438
0.00039628695230931044
0.00025416401331312954
8.653462828078773e-06
0.0017593872034922242
0.0002677192387636751
0.00015831053315196186
0.00036704784724861383
0.0006663883686996996
4.485467434278689e-05
0.0002183186006732285
0.0009194882004521787
3.620496499934234e-05
0.0026260390877723694
0.02681850641965866
0.0003705531999003142
6.795510125812143e-05
0.0006784884608350694
0.00011879698286065832
0.0004248252371326089
0.00036438446841202676
0.0009871225338429213
0.00038361287442967296
0.0009323949343524873
0.00018962087051477283
0.002055020537227392
0.001853568130172789
9.487313218414783e-05
0.00033720239298418164
0.0016456958837807178
0.00045924336882308125
0.00027984209009446204
0.00023039165535010397
8.207027713069692e-05
4.143145270063542e-05
0.0011809346033260226
0.0006648143171332777
7.194800127763301e-05
0.0040216525085270405
0.0032542888075113297
9.620884520700201e-05
0.0003999443433713168
0.00036800678935833275
0.00041522562969475985
4.63703599962173e-06
0.0013867735397070646
0.0010432760464027524
0.00013075045717414469
0.00016987310664262623
0.0033812299370765686
5.0284146709600464e-05
0.0008219265146180987
0.007246377412229776
6.945449422346428e-05
0.001377819455228746
0.00020426613627932966
0.0005693634157069027
0.0003090327954851091
0.00029705814085900784
0.0008615545812062919
5.683176277671009e-05
3.434439349803142e-05
0.0001996656646952033
0.003919390961527824
0.00047717816778458655
9.828477050177753e-05
0.0005165034090168774
0.00025583396200090647
0.0003072315303143114
5.186110138311051e-05
0.003955265041440725
0.0005029585445299745
0.0010808419901877642
0.0001717664417810738
0.0033660640474408865
0.000254697137279436
0.001759211765602231
0.0008643670589663088
0.0006144983344711363
2.025191133725457e-05
0.0015753814950585365
0.0011687478981912136
1.367507047689287e-05
0.00030016229720786214
0.0001594533387105912
0.0001770637754816562
0.0010373025434091687
0.0001775999553501606
0.00016824741032905877
0.014507501386106014
0.0002623882028274238
0.0020942979026585817
0.0006447808700613678
6.473652319982648e-05
0.0023187503684312105
0.0006491890526376665
0.0013294544769451022
0.00018120510503649712
0.0019117880146950483
0.00010725918400567025
0.000876597361639142
0.0007921467185951769
0.00031780466088093817
0.0023400334175676107
0.00014824484242126346
0.00020064268028363585
0.002294858917593956
0.004203914664685726
7.578433724120259e-05
0.0028888671658933163
0.011937703937292099
0.000249746284680441
2.7035053790314123e-05
0.001709770760498941
0.007220408413559198
0.00029846339020878077
0.0001729849900584668
0.0032140419352799654
0.0021048146300017834
5.176518970984034e-05
0.00016351595695596188
0.0002712150162551552
0.0004379817983135581
0.0001899285416584462
5.1791485020658e-05
0.0001967381831491366
9.226668771589175e-05
0.0005052486667409539
0.0001252402289537713
3.815193849732168e-05
0.00020495960779953748
0.00010679585830075666
9.450603101868182e-05
0.0013481960631906986
0.0012073799734935164
0.0008149506174959242
0.00018701674707699567
0.00012616411549970508
0.010552624240517616
8.926013833843172e-05
0.01973399892449379
0.0013183931587263942
5.905592843191698e-05
8.444846753263846e-05
0.0021498098503798246
0.0002978260163217783
0.0013339609140530229
0.001542797777801752
0.00012221751967445016
7.148626173147932e-05
0.0016653124475851655
0.0014485018327832222
0.0017370849382132292
0.0011231533717364073
4.629509203368798e-05
7.408519013551995e-05
0.00017911895702127367
0.0036646833177655935
0.006791917607188225
1.807215085136704e-05
0.005284546408802271
0.0005338488845154643
0.019115230068564415
0.0004985756822861731
0.000646107888314873
0.0008321746718138456
0.0008395808981731534
0.03924412280321121
0.00013113036402501166
0.002159843221306801
0.0016123063396662474
0.002379775745794177
0.005692411679774523
0.0010731022339314222
0.001919893897138536
0.0006244374671950936
0.008980249054729939
3.710530108946841e-06
0.00107164669316262
0.0010461086640134454
0.018367823213338852
3.450713484198786e-05
0.009737030602991581
0.00044218546827323735
0.004894658923149109
0.0009174910373985767
0.0007566289859823883
0.0005211192183196545
0.002390387002378702
0.0013130817096680403
1.706621696939692e-05
0.001966745126992464
0.0038791245315223932
0.003701363457366824
0.017833516001701355
6.0593043599510565e-05
0.0001327394274994731
0.0008012116886675358
0.0004031386342830956
8.939563122112304e-05
0.0002210265229223296
0.0006480853189714253
0.0003942368202842772
0.0001031304054777138
0.0014609333593398333
5.245191800895554e-07
0.0004083388193976134
0.000248743366682902
0.0036451579071581364
0.002691445406526327
0.000841493543703109
0.00013245556328911334
7.590318273287266e-05
3.638394264271483e-05
0.0032495842315256596
0.00017333686992060393
0.0010542308446019888
1.041376617649803e-05
0.0003968477249145508
7.588209700770676e-05
1.7915916032507084e-05
0.0009527611546218395
0.008616100996732712
0.00017023344116751105
0.0001230652123922482
0.0013508214615285397
0.006584664806723595
0.0004568476870190352
0.004362080246210098
0.00016237914678640664
0.002559361746534705
7.36596921342425e-05
0.0010721457656472921
0.00015292750322259963
0.0011666842037811875
0.0014286760706454515
0.000793659535702318
0.00010578912770142779
7.694525993429124e-05
0.034286417067050934
0.0017826398834586143
0.0002511572965886444
0.007064041681587696
0.00028891520923934877
0.002064814791083336
0.0026100671384483576
0.000209274425287731
0.00011925443686777726
2.6106113182322588e-06
0.000822334666736424
0.000978178926743567
0.005752953700721264
0.0006444292375817895
1.7057556760846637e-05
0.0014423266984522343
0.0005421703681349754
0.01978304795920849
0.001194109208881855
0.0012823868310078979
0.004301175940781832
0.000183552285307087
0.006760810501873493
0.001105535076931119
0.00013622404367197305
0.00033473476651124656
0.004084411542862654
5.187084025237709e-05
0.00035538626252673566
0.005704991053789854
0.0008098398102447391
0.00018351266044192016
0.000798705208580941
0.0005836982745677233
0.0008087132591754198
5.500088809640147e-05
0.0008078744285739958
0.0020335230510681868
0.00035522840335033834
0.0002563818416092545
0.012280698865652084
0.0037448438815772533
0.0005598896532319486
8.394915494136512e-05
0.0007465429371222854
0.0005411765305325389
0.0034182132221758366
7.523315434809774e-05
0.00027866961318068206
0.0008944794535636902
0.002414720132946968
0.0003781452833209187
2.1314890545909293e-05
0.0016134566394612193
0.0016291155479848385
0.0006867429474368691
0.0017443959368392825
0.00791856274008751
0.020948216319084167
8.765432721702382e-05
0.00010956136247841641
0.008632552810013294
0.0018916557310149074
0.0012829327024519444
0.00022503474610857666
0.0030890486668795347
0.004135082941502333
0.00012131017865613103
0.001415864797309041
0.011285236105322838
0.0037417514249682426
0.0018657903419807553
0.0004534205363597721
3.579105396056548e-05
0.0007684552692808211
0.00011654141417238861
0.0003363531723152846
0.00010632466728566214
1.249808610737091e-05
0.0007762626046314836
0.00011793548037530854
3.280648525105789e-05
0.02156837470829487
0.012548747472465038
0.022869296371936798
0.0007199339452199638
0.008210795931518078
0.011416638270020485
0.00045957620022818446
0.004840569104999304
0.011310594156384468
0.007158780470490456
0.04954927787184715
0.010314222425222397
0.026518210768699646
0.00020308714010752738
0.00014331006968859583
0.007582643534988165
0.004659723956137896
0.0005972785875201225
0.0012123315827921033
0.003226939821615815
0.001603430020622909
0.004002906382083893
0.0009684201213531196
0.0009335660142824054
1.08257336250972e-05
0.001461031730286777
6.832650979049504e-05
0.0015639886260032654
0.026173727586865425
0.002210492268204689
0.0006021925364620984
0.00041479148785583675
0.0013940457720309496
0.005722266621887684
0.03179555758833885
0.020072272047400475
0.0600687712430954
0.0008400401566177607
0.014353768900036812
0.006811252795159817
0.005464186891913414
0.015956953167915344
0.006969711743295193
0.0007737537380307913
0.00036568098585121334
0.029536578804254532
0.0034149056300520897
0.0004747681086882949
0.004667912609875202
0.004298080690205097
0.002231153193861246
0.004852828569710255
0.0045126560144126415
0.0020241355523467064
0.00237575126811862
0.003101339330896735
0.009549752809107304
2.431856955809053e-05
0.02376823127269745
0.001075924839824438
3.974718492827378e-05
0.001877895905636251
0.000718094757758081
0.0002249242679681629
0.005820817314088345
0.017703069373965263
0.0009236205951310694
0.014075293205678463
0.00014877734065521508
0.0009226687252521515
0.00019515369785949588
0.0002490335900802165
0.009023182094097137
0.0007243326981551945
0.005383798852562904
0.0020029195584356785
0.0004858012543991208
0.007742834743112326
0.0005335905589163303
0.004256281070411205
0.00011626854393398389
0.0020628138445317745
0.0034243238624185324
0.03968226909637451
0.0060926321893930435
0.007482148241251707
0.001528330147266388
0.010685286484658718
0.0015007585752755404
0.0012169483816251159
0.005177026614546776
0.029493456706404686
4.5129581849323586e-06
0.016605960205197334
3.818138429778628e-05
0.0008595404215157032
0.026267655193805695
0.0014682720648124814
0.0006902645691297948
0.0002498723624739796
0.03631121665239334
0.007023046724498272
0.04897939786314964
0.0005204201443120837
0.00041600747499614954
0.011449606157839298
0.011588105000555515
0.0005574948154389858
0.0024622215423732996
0.001272861030884087
0.030010856688022614
0.013134678825736046
0.006471139378845692
0.0010986212873831391
0.004940427839756012
0.00508938729763031
0.0044495658949017525
0.0007618963136337698
0.00015162771160248667
0.0006357081001624465
0.00013699573173653334
0.0006752309272997081
0.00017433891480322927
0.0013022859347984195
0.005926495883613825
0.0005005963030271232
0.002084418199956417
0.00016816424613352865
0.006154078058898449
0.0002453011693432927
1.9150831576553173e-05
0.035742878913879395
0.02517365850508213
1.3238148312666453e-05
0.0009024050086736679
0.002165580866858363
0.00013079635391477495
0.002812350168824196
0.0002556422259658575
6.291214958764613e-05
0.051610782742500305
0.0008706203079782426
0.0027535397093743086
0.022010400891304016
7.273357914527878e-05
0.002176661044359207
0.0022904439829289913
0.0005643772310577333
6.743404810549691e-05
0.02084970287978649
0.027353575453162193
0.009746079333126545
0.0028106793761253357
0.002920473925769329
0.0003701372188515961
0.004232130013406277
0.008461078628897667
0.010785515420138836
0.004108551889657974
0.0007085984107106924
0.0004257071122992784
0.0010659159161150455
0.005146225914359093
0.0006768936873413622
0.0022245761938393116
0.029675574973225594
0.0015557073056697845
0.0022744250018149614
2.0694722479674965e-05
0.0010934036690741777
0.02124699577689171
0.004776132758706808
0.0005886208382435143
0.00026260799495503306
0.00995997991412878
8.054346108110622e-05
0.004751130938529968
0.0002754556480795145
0.0008648695657029748
0.004770907573401928
0.0003690373559948057
0.0005793946911580861
0.0004085681866854429
0.0003602354263421148
0.012464498169720173
4.6934721467550844e-05
0.0002030038886005059
4.906051617581397e-05
0.027047181501984596
0.027896540239453316
0.0008071205229498446
0.005700118374079466
0.0037165323738008738
0.0009881057776510715
0.004301996435970068
0.05238400772213936
0.05507197976112366
0.07042700052261353
0.00039844520506449044
0.019918953999876976
0.000974287511780858
0.0016772852977737784
0.00023415479518007487
0.005234202835708857
0.015930816531181335
0.0011110925115644932
0.04124915599822998
7.752852980047464e-05
0.0002405397972324863
0.00973544456064701
0.0031946164090186357
0.08019072562456131
0.029558945447206497
0.0014393952442333102
0.003356207860633731
0.026876771822571754
0.010904524475336075
0.013057482428848743
0.0027756986673921347
0.004944135434925556
0.014899279922246933
0.02043338492512703
0.002617230173200369
0.009279077872633934
0.001009395346045494
0.011557439342141151
0.006186694372445345
0.0013699460541829467
0.016078297048807144
0.010656819678843021
0.00021070186630822718
0.002838774351403117
0.06023821234703064
0.0015507942298427224
0.0034212246537208557
0.00030961615266278386
0.010345105081796646
0.0015842643333598971
0.00040236278437078
0.0011580430436879396
9.757353109307587e-05
0.0005253560375422239
6.238993955776095e-05
6.313422636594623e-05
9.109151869779453e-05
0.0012579397298395634
0.0009714607149362564
0.0023577541578561068
0.0001360887981718406
0.01901760883629322
0.003797764191403985
0.0001963665272342041
0.004359675571322441
0.0015678216004744172
0.0008858536020852625
0.0005128784687258303
0.007909975945949554
0.010525025427341461
0.004204706288874149
0.012493294663727283
1.4421593732549809e-05
0.0041844542138278484
0.00622367300093174
0.004914774559438229
0.05751432478427887
0.04318001866340637
0.0038639171980321407
0.006393790245056152
0.0010914832819253206
0.04824289679527283
0.0025020509492605925
0.0009115671273320913
0.003248672466725111
0.0002703802892938256
2.4568023945903406e-05
0.003286444814875722
0.0003940514870919287
0.0013696487294510007
0.0029173479415476322
0.003876333823427558
0.0015364032005891204
1.134067770180991e-05
0.012312407605350018
0.0011512823402881622
0.00559088634327054
0.0005711606936529279
0.005730180069804192
0.09688875824213028
0.0008727047825232148
0.001072689425200224
0.00048031489131972194
0.004572825971990824
0.011531679891049862
0.0017126104794442654
0.00041459870408289135
0.0004968926659785211
0.001102764974348247
0.0007725816685706377
0.0016365604242309928
0.0029928821604698896
0.01885676011443138
0.022073112428188324
0.014046612195670605
0.0017887100111693144
0.0002352286537643522
0.009254380129277706
0.00011568309128051624
0.0019543094094842672
0.007074096240103245
0.00016446097288280725
0.013348945416510105
0.0001930714788613841
0.020325252786278725
0.00016529856657143682
0.012593874707818031
1.1463391274446622e-05
0.0007874736911617219
0.0003697917563840747
0.03549842908978462
0.002994209760800004
0.0007072415901347995
0.001266282401047647
0.005314744543284178
0.00041532807517796755
0.01913059875369072
0.002550813602283597
0.016871575266122818
0.022342653945088387
0.020812321454286575
0.005224177148193121
0.0010694535449147224
0.006063402164727449
0.0004195708897896111
0.013183053582906723
0.0010713946539908648
0.01689884625375271
9.003366358228959e-06
0.004788468591868877
0.0027482009027153254
8.733674621907994e-05
0.03322223573923111
0.045678261667490005
0.0011485484428703785
0.013702137395739555
0.02589368261396885
0.0028879577293992043
0.0017270392272621393
0.0016564276302233338
0.003558768890798092
0.002473999746143818
8.122130384435877e-05
0.011105816811323166
0.05925898253917694
0.004037509206682444
0.004075198899954557
0.005578835029155016
0.016254033893346786
0.000597809033934027
0.04159419611096382
0.0030984992627054453
0.014484982937574387
0.00030104341567493975
0.005416104104369879
0.03870942071080208
0.0005092566716484725
0.001258860807865858
0.0015223158989101648
0.0043766917660832405
0.016465788707137108
0.0037618260830640793
0.09876803308725357
0.03969660773873329
0.0002410726301604882
0.003779933787882328
0.019166819751262665
0.012380600906908512
0.04369534179568291
0.0006328312447294593
0.00040310510667040944
0.0022278467658907175
0.06722868978977203
0.0006054633995518088
0.018036283552646637
0.040564194321632385
0.0027222747448831797
0.006985187530517578
0.01902531459927559
0.029610643163323402
0.032256752252578735
0.004957485944032669
0.0013002401683479548
0.003218767698854208
0.0017004274995997548
0.01420973613858223
0.0014897510409355164
0.0023852880112826824
0.018619216978549957
0.00019599514780566096
0.0029026588890701532
0.007423520553857088
0.00099671701900661
0.007335904985666275
0.015859238803386688
0.01072775200009346
2.704187500057742e-05
0.003226756351068616
0.005241312552243471
0.0010015614097937942
0.007795871701091528
0.0007803270127624273
0.00019319300190545619
0.0041254619136452675
0.019496923312544823
0.02502361685037613
0.012532905675470829
0.0048617529682815075
0.002447095001116395
0.0007303174352273345
0.004687685519456863
0.0069579374976456165
0.006321570836007595
0.005351432133466005
0.01355021446943283
0.013983763754367828
8.178880671039224e-05
0.060317445546388626
0.0064236982725560665
0.0014134783996269107
0.015804875642061234
0.06785847246646881
0.0019182967953383923
0.0004951615119352937
0.04081211984157562
0.0023477463982999325
0.0010218207025900483
0.018925797194242477
0.000404153426643461
0.00018966432253364474
0.0011758211767300963
0.00021768831356894225
0.0033043385483324528
0.013667799532413483
0.010076185688376427
0.0002753951703198254
0.012075194157660007
0.004324289970099926
0.0021941675804555416
0.016939640045166016
0.06285750865936279
0.00991707295179367
0.032415855675935745
0.00855345744639635
0.006520584691315889
0.002078714082017541
0.011256209574639797
0.0061149680987000465
0.0005272358539514244
0.03384888544678688
0.0009898343123495579
0.015160380862653255
0.0009938942966982722
0.0003994233557023108
0.0005666692741215229
0.00025370920775458217
0.00016037751629482955
0.001361892675049603
8.855036139721051e-05
0.008856246247887611
0.016928482800722122
0.00268838694319129
8.157498814398423e-05
0.008615424856543541
0.009937656112015247
0.005946269258856773
0.0007022373611107469
0.010970311239361763
0.0006695371703244746
0.06673645973205566
0.0003529995447024703
0.0011472356272861362
0.004154196474701166
0.005021131597459316
0.018612315878272057
0.033673737198114395
0.13355450332164764
0.0012559123570099473
0.00029539631213992834
0.0027521848678588867
0.0008274365100078285
0.0007782658212818205
0.0010519672650843859
0.06512577831745148
0.0018351813778281212
0.004820175468921661
0.0001644583826418966
0.026903660967946053
0.005192277487367392
0.01409413106739521
0.025282030925154686
0.0034749703481793404
0.012112814001739025
0.001879384508356452
0.0016154375625774264
0.0025312406942248344
0.004139577969908714
0.017019426450133324
0.03671574220061302
0.004599117673933506
0.020456448197364807
0.009357517585158348
0.07330052554607391
0.011057590134441853
0.0024615188594907522
0.005482810549438
0.0007381457835435867
0.0008030178141780198
0.005217221565544605
0.008229927159845829
0.007714299485087395
0.000501961971167475
0.003932611551135778
0.057466596364974976
0.0006917837308719754
0.02117086946964264
0.016490496695041656
0.008220667950809002
0.020634546875953674
4.398476448841393e-05
0.002139042830094695
0.00036295840982347727
0.028236176818609238
0.0003226857224944979
0.00023103179410099983
0.03466367721557617
0.03417235240340233
0.0013947117840871215
0.00233427993953228
0.0010746971238404512
0.00033204336068592966
0.005287678446620703
0.004407474305480719
0.02427014335989952
0.0023796213790774345
0.046317897737026215
0.011629084125161171
0.0007336430717259645
0.0032155790831893682
0.00669065723195672
0.004362901672720909
0.0006202804506756365
0.005281251855194569
0.018823780119419098
0.003791614668443799
0.005343182012438774
0.02159230224788189
0.0001906638644868508
0.0018016260582953691
0.0002454110945109278
0.004868802614510059
0.00011481544061098248
0.0003521393227856606
0.0015322101535275578
0.01538820844143629
0.004836550448089838
0.022978605702519417
0.0013445401564240456
0.00294978404417634
0.0018071067752316594
0.008962920866906643
0.030545415356755257
0.010634678415954113
0.006151412148028612
3.534725692588836e-05
0.006370455492287874
0.08900703489780426
0.02839280664920807
0.0019257874228060246
0.011336425319314003
0.019159788265824318
0.0011442467803135514
6.24292079010047e-05
0.004340590909123421
0.007907863706350327
0.07409483194351196
0.0021082269959151745
5.8680041547631845e-05
0.0023438234347850084
0.00027973533724434674
0.0006878013955429196
0.006399193312972784
0.026667430996894836
0.03475428372621536
0.0004192992637399584
0.002964668907225132
0.028827762231230736
0.013970725238323212
0.008751318790018559
0.00234569376334548
0.0033439933322370052
0.0006079471204429865
0.014025973156094551
0.0004346097994130105
0.049416542053222656
0.01016208902001381
0.008154012262821198
0.011550423689186573
0.0022702114656567574
4.725101462099701e-05
0.004678572993725538
0.0009571484988555312
0.021917765960097313
0.03078979253768921
0.0035101650282740593
0.036565423011779785
0.0025367229245603085
0.016750197857618332
0.0002637460711412132
0.019360966980457306
0.027281122282147408
0.008833770640194416
0.002503947587683797
0.0034947446547448635
0.09385906904935837
0.002862667664885521
0.004276962485164404
0.0026068738661706448
0.06922505795955658
0.00022473777062259614
0.0025151928421109915
0.002026970963925123
0.0015281278174370527
0.013747028075158596
0.00013518499326892197
0.0017998064868152142
6.070116432965733e-05
0.0003705474373418838
0.0020245478954166174
0.007192960940301418
9.095237328438088e-05
0.001673829392530024
0.000568742398172617
0.027178026735782623
0.001980538247153163
0.019438045099377632
0.00020040239905938506
0.008893470279872417
0.027612652629613876
0.011511791497468948
0.004196343012154102
0.000652965740300715
0.013907556422054768
0.017788514494895935
0.0667371153831482
0.002257588319480419
0.0003593168512452394
0.0005107635515742004
0.009311934001743793
0.025328481569886208
0.00020457879872992635
0.029093049466609955
0.024899408221244812
0.0035293742548674345
0.0013633068883791566
0.01999005489051342
0.051571961492300034
0.08664434403181076
0.06490696221590042
0.0054688830859959126
0.003545743878930807
0.006326385773718357
0.005864450708031654
0.02327679470181465
0.010031015612185001
0.0003096778818871826
0.0007210702169686556
0.00013168345321901143
0.0014751404523849487
3.8908125134184957e-05
0.00023620478168595582
0.002189629478380084
0.001828893437050283
0.0005470264586620033
0.014388442039489746
0.00022617979266215116
0.00025862804614007473
0.00010134006879525259
0.0006093855481594801
0.0015738570364192128
0.00017781334463506937
0.002415004651993513
0.000985663034953177
0.0020393114537000656
6.060843224986456e-05
0.0013299289857968688
0.000779735972173512
0.00028230890166014433
7.107564215402817e-06
0.00015799130778759718
0.006809706799685955
0.00019378718570806086
0.004514979664236307
0.00041808738023974
0.00021211529383435845
0.0005515635129995644
0.011106137186288834
0.017291288822889328
0.010549887083470821
0.00039491060306318104
0.0009940051240846515
0.00013412006956059486
0.0017531013581901789
0.0009197108447551727
0.0018904033349826932
0.01219351775944233
0.026748359203338623
0.023853201419115067
8.661991159897298e-05
0.0002879279782064259
0.0028798675630241632
2.1577025108854286e-05
0.0021059245336800814
0.003083848627284169
0.00017134944209828973
0.02515878714621067
1.7718455637805164e-05
0.0011041091056540608
6.53226234135218e-05
0.0010244123404845595
0.0010086679831147194
0.003371418919414282
8.729631372261792e-05
0.000566242088098079
0.012921956367790699
0.0008020252571441233
0.0001786317297955975
0.0037160241045057774
0.002011279109865427
0.004997564479708672
0.0013159193331375718
3.3974061807384714e-05
0.0007312662783078849
0.00027836626395583153
0.00724950572475791
0.00021926677436567843
0.0007927656406536698
6.986144580878317e-05
0.00766035495325923
0.0001809740497265011
0.0018420325359329581
0.0017564732115715742
0.002536398358643055
0.0005030743195675313
0.0008069571922533214
0.001557652372866869
0.06784715503454208
0.002901114523410797
0.020535113289952278
6.0641978052444756e-05
0.00048056815285235643
0.050240326672792435
0.00035384640796110034
0.0015070837689563632
0.001061118789948523
0.0056939381174743176
0.002600501524284482
0.0018350753234699368
0.10475482791662216
0.0006990015972405672
0.011671003885567188
0.0007234540535137057
8.021047688089311e-05
0.00016312375373672694
0.00930282473564148
0.013014662079513073
0.007834074087440968
0.04842031002044678
8.548362529836595e-05
0.0029599035624414682
0.007548792287707329
0.0016468593385070562
0.0032682151068001986
5.272594353300519e-05
0.000988561543636024
0.00030279162456281483
0.003565145656466484
6.757151277270168e-05
0.010067437775433064
0.0005012865294702351
0.0004783448239322752
0.00026483729016035795
0.00024091305385809392
0.002554546343162656
0.008514827117323875
0.0004228066245559603
0.036449022591114044
0.005573994014412165
0.0014300119364634156
0.035286687314510345
0.00014983465371187776
0.000626914668828249
0.0003211241273675114
0.014743801206350327
0.0147233996540308
0.0036436638329178095
0.007784074638038874
4.301745866541751e-05
0.0005142772570252419
0.031578656286001205
0.0022552968002855778
0.00014132345677353442
0.0013885167427361012
0.000178915259311907
0.01222789753228426
8.629887452116236e-05
4.278137203073129e-05
0.00042680013575591147
0.00035765633219853044
0.0015227659605443478
0.007872020825743675
0.0007865302031859756
0.0008788186241872609
0.05874484404921532
0.0003792924399022013
0.000322965148370713
0.0029596237000077963
5.923107892158441e-06
0.012900041416287422
0.00036937437835149467
0.000905284599866718
0.000731632870156318
1.2054008948325645e-05
3.135198858217336e-05
0.0012205045204609632
0.00712123978883028
0.014576218090951443
0.0001575744681758806
0.0009842250728979707
0.0007505411631427705
0.0019161786185577512
0.0017420530784875154
0.0014943319838494062
0.0003203575615771115
1.885444908111822e-05
0.00016753029194660485
0.00028334688977338374
0.014689603820443153
0.02303982898592949
0.00023862160742282867
0.0010544640244916081
0.0002138305571861565
0.0003476699348539114
6.125731306383386e-05
0.021186240017414093
3.5683893656823784e-05
7.59597314754501e-05
0.0013254699297249317
0.025125382468104362
0.0005740038468502462
0.00025009174714796245
0.007610525004565716
0.003141563618555665
6.937327998457476e-05
0.03591671213507652
0.03740163892507553
0.06483504176139832
0.00036441098200157285
0.00011705895303748548
0.003069347934797406
0.0013337874552235007
0.0034236034844070673
0.0024476591497659683
0.0009174226433970034
0.020762715488672256
0.0008501197444275022
0.01615389995276928
0.0010296974796801805
0.0001134698250098154
0.0007799281738698483
0.015651708468794823
0.020151086151599884
0.030209532007575035
0.024602143093943596
0.003366585122421384
0.011080381460487843
0.01168285496532917
0.034446656703948975
0.006641538348048925
0.0003030419466085732
0.010995175689458847
0.003496497869491577
0.0004065202083438635
9.17205834412016e-05
0.001043114229105413
0.08305434137582779
0.0006709819426760077
0.00013771757949143648
0.00014464015839621425
0.06271157413721085
0.0012734580086544156
0.02212059497833252
0.003119483357295394
0.012117240577936172
0.018624670803546906
0.023241011425852776
0.056778907775878906
5.996080653858371e-05
8.062268898356706e-05
1.5322213585022837e-05
0.007051135413348675
0.002836876781657338
0.02625156193971634
0.0005128014017827809
0.00019276354578323662
0.0068043675273656845
0.0021764233242720366
0.00010336506238672882
0.00043808046029880643
0.1327168196439743
0.0005353495362214744
0.006206082180142403
0.006810380611568689
0.0006255577318370342
0.001078133936971426
4.245626405463554e-05
0.001717314007692039
0.0013187037548050284
0.0007671816856600344
0.0003466257476247847
2.7978967409580946e-05
9.500598389422521e-05
0.03666748106479645
0.015422374941408634
0.0001520252408226952
0.0017483695410192013
0.002549197291955352
0.025213589891791344
2.6899891963694245e-05
3.680523150251247e-05
0.00017298146849498153
0.003979411441832781
9.661356307333335e-05
0.03709929808974266
0.023388320580124855
0.00033531489316374063
0.0018138759769499302
0.0025209763552993536
0.006555190309882164
0.00010033218131866306
0.00034042459446936846
0.0008110901690088212
3.8443304219981655e-05
8.173115202225745e-05
0.002544092247262597
0.0004009850963484496
0.002160407602787018
0.00013898196630179882
0.003854712238535285
0.0005080060800537467
0.02202979475259781
0.00022446445655077696
0.0043717315420508385
0.00011700631876010448
0.08639189600944519
0.0034459831658750772
2.966213651234284e-05
4.0156086470233276e-05
3.100818503298797e-05
0.0007388942176476121
0.0031578075140714645
0.0009491508244536817
0.0043266089633107185
0.006592626683413982
0.0015084181213751435
0.0001527584536233917
0.002023534383624792
0.028550341725349426
0.0007030534907244146
0.008317903615534306
0.00046024564653635025
0.004648303147405386
0.0028757210820913315
0.025304920971393585
0.015337133780121803
0.06013557314872742
0.0005912352935411036
0.0005214583943597972
0.0069563137367367744
0.0009416423854418099
0.008955646306276321
0.00027100055012851954
0.000407096347771585
0.000381526246201247
0.00021861518325749785
0.002474819775670767
6.45020481897518e-05
0.0002394913462921977
0.02640966698527336
0.0050741215236485004
0.022546594962477684
0.0013439770555123687
0.00028591230511665344
0.012546397745609283
0.0002972918446175754
0.05898090824484825
0.0001992275210795924
0.0002508983598090708
0.00026527795125730336
0.012653912417590618
0.018440643325448036
0.0005135876126587391
0.0049633001908659935
0.030380530282855034
0.00012215250171720982
0.0005037535447627306
0.011349417269229889
0.006405850872397423
0.00010732848022598773
0.0021523330360651016
0.000731096020899713
0.00031999844941310585
0.055378712713718414
0.00013224263966549188
0.000725265359506011
0.033977583050727844
0.002216228051111102
0.00015347538283094764
0.00043844617903232574
0.0003899876319337636
5.5437580158468336e-05
0.001755064819008112
1.2016128039249452e-06
0.00039009505417197943
6.549180397996679e-05
0.0001764123881002888
0.00011745597294066101
0.00848409067839384
0.0018159336177632213
0.0011377086630091071
0.0006170673877932131
0.0007894448353908956
0.0016915490850806236
5.054340363130905e-05
0.004290691576898098
0.0009247702546417713
2.7628342650132254e-05
6.033439785824157e-05
0.00033195342984981835
0.0003515870193950832
0.0003156958264298737
0.001240390818566084
6.480444426415488e-06
7.684103911742568e-05
0.00014784788072574884
0.0006262632668949664
0.0001698062987998128
0.000145458456245251
0.000749375147279352
0.0014939230168238282
0.000541072164196521
0.0002203318872489035
0.0009655431495048106
1.2886541298939846e-05
0.0004003308422397822
0.00016770459478721023
0.0011829533614218235
0.00029070916934870183
5.289364708005451e-05
3.8657190088997595e-06
0.009985298849642277
2.2982919745118124e-06
0.00022125770919956267
0.00010209692845819518
0.00615442730486393
7.023036232567392e-06
0.0021302138920873404
1.1601093319768552e-05
0.011308345012366772
0.00010173193004447967
0.0007417146698571742
0.0010972644668072462
0.0030540418811142445
0.00022441403416451067
0.013867651112377644
0.00012038968270644546
0.00010442105121910572
5.535560831049224e-06
0.0012581117916852236
4.505067045101896e-05
0.0013550316216424108
0.0005062788841314614
2.4882128855097108e-05
0.0011327416868880391
2.0546523955999874e-05
0.008839418180286884
9.0279288997408e-05
2.8054380891262554e-05
0.00297353882342577
0.0003072245744988322
2.2028762032277882e-05
0.0001905447425087914
5.4743792134104297e-05
5.399747897172347e-05
3.5107375879306346e-05
0.014366894960403442
6.091536124586128e-05
0.000795713858678937
0.0007711211801506579
6.68053689878434e-05
0.000807275646366179
0.0002612372045405209
0.048712197691202164
6.871036748634651e-05
0.00032875232864171267
1.865821650426369e-05
0.0002531391510274261
0.0005682543851435184
0.00020863742975052446
0.00016629004676360637
0.0006001809961162508
3.058783113374375e-05
0.00020537902310024947
0.00038116262294352055
0.0004225438751745969
5.050077015766874e-05
0.00025876009021885693
1.6247873872998753e-06
9.434235107619315e-05
2.0849327029281994e-06
0.00010009768448071554
0.019168464466929436
0.00026692848769016564
1.0442482789585483e-06
1.8057007764582522e-05
0.00041166707524098456
4.596433882397832e-06
0.001013920409604907
0.0025470938999205828
1.2613879334821831e-05
0.00017630858928896487
0.00011561279825400561
0.0033134326804429293
0.005505306646227837
3.554971044650301e-05
9.365000732941553e-05
5.8491066738497466e-05
0.00021997958538122475
0.0005191173986531794
6.263256182137411e-06
0.00010326934716431424
6.722345005982788e-06
1.1607990927586798e-05
0.03085619956254959
1.713358324195724e-05
8.565533789806068e-05
0.00021445464517455548
8.33636204333743e-06
2.8530012059491128e-05
0.00020954398496542126
8.902847912395373e-05
2.1433429537864868e-06
0.00024226262758020312
0.0001628180471016094
3.579699114197865e-05
5.712732672691345e-06
1.1539286788320169e-05
7.891545692473301e-07
0.0005527976318262517
0.00037220760714262724
1.080194579117233e-05
9.989629461415461e-07
0.0017213543178513646
0.00014021132665220648
0.00014364926028065383
0.00037521656486205757
2.621846942929551e-05
0.014930899254977703
0.00017813847807701677
0.00022502450156025589
0.00017899514932651073
0.000265904440311715
3.5049437428824604e-05
5.40213477506768e-06
0.0002074469084618613
0.01283799484372139
4.941632869304158e-05
0.016562579199671745
1.631914187782968e-06
0.00011104075383627787
0.00010073158773593605
0.0004965121042914689
4.108481152798049e-05
0.0016404842026531696
0.0008027346339076757
0.0011065673315897584
1.5842138964217156e-05
9.185312956105918e-05
0.0011675076093524694
4.0608389099361375e-05
0.0026243955362588167
0.00019785677432082593
0.0031032213009893894
4.078655365447048e-06
0.0003248658322263509
0.00040850628283806145
0.00020490637689363211
1.0074322744912934e-05
0.00011876468488480896
3.273596666986123e-05
4.582229394145543e-06
0.0017622263403609395
0.0002472027263138443
0.005321532022207975
2.175732697651256e-05
0.04633417725563049
0.0002602045133244246
0.00010730836220318452
4.025437738164328e-05
2.7302245143800974e-05
7.026784442132339e-05
0.0008975687669590116
0.006585601717233658
8.577545486332383e-06
1.4593416381103452e-05
7.343837205553427e-05
0.0011493269121274352
8.664246706757694e-05
3.151873534079641e-05
0.025513842701911926
0.0006329683237709105
0.0002940053236670792
0.0019478615140542388
8.650503332319204e-06
2.2591930246562697e-05
0.00017339522310066968
2.1206604287726805e-05
0.0016235089860856533
0.00021448578627314419
6.112214578024577e-06
5.7301036576973274e-05
0.0011088707251474261
8.91136733116582e-05
2.1304358597262762e-05
1.409027936460916e-05
0.0008500191615894437
1.525214611319825e-05
0.00019222316041123122
2.2225685825105757e-05
0.0010813330300152302
2.9606675525428727e-05
0.0004142608377151191
4.291469304007478e-05
9.504837180429604e-06
0.00018263095989823341
0.0003413031517993659
