2.300715446472168
2.305966854095459
2.154724597930908
1.5705653429031372
0.9552052021026611
1.1726276874542236
0.58708256483078
0.45998460054397583
0.668742299079895
0.5732279419898987
0.4177494943141937
0.43887293338775635
0.37572726607322693
0.31803545355796814
0.7116333246231079
0.3773602247238159
0.3335082232952118
0.26584869623184204
0.2672326862812042
0.2669828534126282
0.19235187768936157
0.23524779081344604
0.061070702970027924
0.47052207589149475
0.15978483855724335
0.1711394488811493
0.1249753013253212
0.18885841965675354
0.2048248052597046
0.08584485948085785
0.2963969111442566
0.250929594039917
0.1517144739627838
0.16563297808170319
0.15448671579360962
0.06732256710529327
0.28464949131011963
0.25383877754211426
0.17560578882694244
0.14991715550422668
0.1362672746181488
0.13726143538951874
0.16250276565551758
0.19257204234600067
0.06221200153231621
0.12909583747386932
0.17848800122737885
0.17091722786426544
0.058335911482572556
0.15339131653308868
0.10943745821714401
0.16931109130382538
0.11201448738574982
0.06358900666236877
0.17939640581607819
0.16939851641654968
0.07548483461141586
0.08803006261587143
0.1739380806684494
0.031135164201259613
0.08397610485553741
0.11870309710502625
0.12208588421344757
0.03315073996782303
0.10989949107170105
0.05233147740364075
0.05631666257977486
0.03769897669553757
0.07920627295970917
0.016711754724383354
0.04745541885495186
0.0814581960439682
0.07512634247541428
0.05913796275854111
0.0045484136790037155
0.16625261306762695
0.012142401188611984
0.07122835516929626
0.04469268396496773
0.16067427396774292
0.04507032036781311
0.1367303878068924
0.19705328345298767
0.047086071223020554
0.14647641777992249
0.031178396195173264
0.0514148473739624
0.06848466396331787
0.04916666820645332
0.05268425866961479
0.03380322828888893
0.047700103372335434
0.062106654047966
0.02194349281489849
0.12297323346138
0.055638834834098816
0.06807946413755417
0.07129782438278198
0.04306061193346977
0.045050207525491714
0.03527627885341644
0.01944311149418354
0.09516140073537827
0.06613138318061829
0.09064745157957077
0.03526096045970917
0.016836080700159073
0.06986674666404724
0.03546204790472984
0.014567583799362183
0.10191258788108826
0.005111749283969402
0.059268880635499954
0.036919329315423965
0.06750363111495972
0.06787585467100143
0.03711172938346863
0.0835433080792427
0.018059158697724342
0.043097756803035736
0.034791022539138794
0.04027809575200081
0.008915813639760017
0.01686825230717659
0.02685110829770565
0.007083882112056017
0.03536585718393326
0.029051871970295906
0.01142838690429926
0.007104220800101757
0.008105259388685226
0.03523654863238335
0.02119947038590908
0.07210897654294968
0.016103126108646393
0.04478619620203972
0.03757300227880478
0.047670263797044754
0.08089856058359146
0.03628551959991455
0.02422553487122059
0.02499949373304844
0.07371087372303009
0.04281157627701759
0.06364966928958893
0.026554692536592484
0.047829899936914444
0.04953201115131378
0.016605788841843605
0.015184829011559486
0.016962973400950432
0.010795650072395802
0.008281493559479713
0.04543154314160347
0.07309596240520477
0.013674134388566017
0.06817740947008133
0.05453244224190712
0.020967911928892136
0.059542182832956314
0.009484787471592426
0.007838448509573936
0.08387988060712814
0.02546403929591179
0.04406503587961197
0.017493216320872307
0.041097816079854965
0.03623579815030098
0.03564085811376572
0.0112170884385705
0.0565057136118412
0.07125840336084366
0.03644474595785141
0.010936831124126911
0.07075828313827515
0.03376412019133568
0.042478445917367935
0.019186759367585182
0.03268168866634369
0.032929927110672
0.0705547034740448
0.007356882560998201
0.001978333108127117
0.0028788968920707703
0.008589417673647404
0.07496766000986099
0.014844536781311035
0.03315902128815651
0.006032893434166908
0.0010247676400467753
0.022986574098467827
0.048936814069747925
0.03391837328672409
0.012089529074728489
0.004940930753946304
0.04289305582642555
0.06233057379722595
0.02052432857453823
0.006040704902261496
0.0013995376648381352
0.07149765640497208
0.046763867139816284
0.015424907207489014
0.004074942320585251
0.002565657487139106
0.012590008787810802
0.004917125217616558
0.0508335717022419
0.0022887757513672113
0.030492357909679413
0.011836227960884571
0.04259011149406433
0.026982279494404793
0.030941693112254143
0.0410812646150589
0.007162512745708227
0.13975530862808228
0.04558884724974632
0.003000560449436307
0.026791898533701897
0.013199204578995705
0.030837127938866615
0.022991739213466644
0.00812059547752142
0.013838686980307102
0.07119869440793991
0.07143714278936386
0.11121072620153427
0.047051019966602325
0.04452848806977272
0.0006438785931095481
0.06626744568347931
0.014879063703119755
0.04122117906808853
0.020996980369091034
0.006204432342201471
0.0029642521403729916
0.02133689448237419
0.08067505806684494
0.03573743253946304
0.023065635934472084
0.005448752548545599
0.02490255795419216
0.003324618563055992
0.028922295197844505
0.017017023637890816
0.007646441459655762
0.04763538017868996
0.005486786365509033
0.00626374501734972
0.032012563198804855
0.014379125088453293
0.04747188463807106
0.04364769905805588
0.0022509403061121702
0.01153302751481533
0.024802137166261673
0.00682018743827939
0.016559528186917305
0.019730575382709503
0.04152023419737816
0.007386195007711649
0.01058912742882967
0.0053754644468426704
0.003313802182674408
0.01149822399020195
0.001659477362409234
0.02885904349386692
0.004458596929907799
0.006467850878834724
0.0057650161907076836
0.043116502463817596
0.011585794389247894
0.03101399913430214
0.05919310450553894
0.05759212374687195
0.019006159156560898
0.01413958054035902
0.027052169665694237
0.0219714418053627
0.005862602032721043
0.039822548627853394
0.020365944132208824
0.056251317262649536
0.002743357326835394
0.01570104993879795
0.028965748846530914
0.0007787543581798673
0.013670682907104492
0.0024600676260888577
0.022718627005815506
0.03447188809514046
0.0232245996594429
0.023496558889746666
0.013666893355548382
0.004084736108779907
0.00297563336789608
0.03186626359820366
0.01308866124600172
0.0005936878733336926
0.03628939017653465
0.01568850502371788
0.0068350909277796745
0.0040398575365543365
0.0025844997726380825
0.019337566569447517
0.028309708461165428
0.08642809838056564
0.011589703150093555
0.05817622318863869
0.02534644678235054
0.002294739708304405
0.010104924440383911
0.0040259710513055325
0.04632974788546562
0.040675487369298935
0.015793222934007645
0.0025975718162953854
0.0018484815955162048
0.00016034248983487487
0.0035660131834447384
0.0094800665974617
0.011635631322860718
0.006751300301402807
0.0061201900243759155
0.0016001476906239986
0.0026758252643048763
0.010634354315698147
0.11953704804182053
0.010451274923980236
0.056151844561100006
0.0020470735616981983
0.014050014317035675
0.047799382358789444
0.0013476395979523659
0.015909496694803238
0.055527620017528534
0.02149978093802929
0.09133898466825485
0.010035417042672634
0.008979976177215576
0.015978176146745682
0.0031192388851195574
0.09996618330478668
0.08359683305025101
0.007849952206015587
0.013613897375762463
0.023042885586619377
0.03323809430003166
0.007786732167005539
0.07779208570718765
0.004390001762658358
0.06854283064603806
0.09322300553321838
0.007756425533443689
0.006582311354577541
0.011756325140595436
0.019774608314037323
0.006989614572376013
0.04363565146923065
0.004575871862471104
0.02593785524368286
0.00905393622815609
0.13766852021217346
0.001603686367161572
0.008611567318439484
0.00043551120324991643
0.002551647135987878
0.004582073539495468
0.01436546165496111
0.002127497922629118
0.005732595454901457
0.0018598568858578801
0.03597617149353027
0.0020308562088757753
0.010746079497039318
0.013465944677591324
0.001856006681919098
0.06276872754096985
0.04396422952413559
0.0005334713496267796
0.0006023841560818255
0.030215691775083542
0.015333268791437149
0.0009021044243127108
0.005534367635846138
0.07749053835868835
0.005770266056060791
0.002505508717149496
0.0022213582415133715
0.002285185968503356
0.0007391420658677816
0.0018990285461768508
0.03880113363265991
0.07047069072723389
0.009222582913935184
0.02517854981124401
0.0015463298186659813
0.001014663721434772
0.0004233508661855012
0.01762419380247593
0.005087864585220814
0.036118436604738235
0.0648752823472023
0.05374370142817497
0.0007838085293769836
0.008352108299732208
0.00044471598812378943
0.01448056660592556
0.0018156309379264712
0.0018826719606295228
0.0021491176448762417
0.0008924645371735096
0.051643241196870804
0.00031775422394275665
0.01824958063662052
0.009225910529494286
0.0030908817425370216
0.01109996996819973
0.007768918760120869
0.02138943038880825
0.08020630478858948
0.0013929822016507387
0.0038762486074119806
0.03972342610359192
0.017795061692595482
0.0001041249925037846
0.006124766077846289
0.011035011149942875
0.0001361511676805094
0.009150011464953423
0.00041030641295947134
0.017772577702999115
0.02312161959707737
0.0004910954739898443
0.0059602088294923306
0.04125378653407097
0.0141255222260952
0.00015451633953489363
0.028242411091923714
0.0003622290096245706
0.0008745162049308419
0.025737470015883446
0.01664683036506176
0.09830821305513382
0.08988837897777557
0.06304749101400375
0.015456837601959705
0.0025925911031663418
0.0021512876264750957
0.020929567515850067
0.001551088527776301
0.0404311902821064
0.0007604089332744479
0.005767952185124159
0.0064412797801196575
0.017477143555879593
0.005346727557480335
0.028330957517027855
0.01096185203641653
0.0015545283677056432
0.020076263695955276
0.0033528024796396494
0.0038155540823936462
0.0032100221142172813
0.021314440295100212
0.0019154073670506477
0.02931370958685875
0.00038432193105109036
0.001724067609757185
0.0012926229974254966
0.0002268460375489667
0.00035495872725732625
0.0002555981045588851
0.00032483378890901804
0.08478005230426788
0.027010677382349968
0.028837580233812332
0.005935322493314743
0.03174392506480217
0.0306425541639328
0.0010665298905223608
0.00023484742268919945
0.0004517953784670681
0.0052541764453053474
0.013579482212662697
0.0049769096076488495
0.0029200741555541754
0.0022563880775123835
0.0017810307908803225
0.0013074285816401243
0.009760224260389805
0.004721350502222776
0.03035605512559414
0.0003813464136328548
0.0010121834930032492
0.0012414053780958056
0.021859262138605118
0.0009283758699893951
0.00034212745958939195
0.00232217856682837
0.02929629758000374
0.00026666116900742054
0.0035079761873930693
0.0014549093320965767
0.004948904737830162
0.013052761554718018
0.04841814935207367
0.008520319126546383
0.00017050460155587643
0.0005451511824503541
0.017754238098859787
0.0016372220125049353
0.0001912985317176208
0.0005108998739160597
0.028595585376024246
0.007423616014420986
0.0016341410810127854
0.0027307651471346617
0.01052955724298954
0.0015715835615992546
0.02745305560529232
0.004031304735690355
0.02414754591882229
0.0013201331021264195
0.001331977196969092
0.0018355963984504342
0.0624956376850605
0.0029734137933701277
0.0026021471712738276
0.005074886605143547
0.0029086871072649956
0.0034875303972512484
0.0026055453345179558
0.002482120180502534
0.0008101456332951784
0.003786071902140975
0.00044685599277727306
0.014205416664481163
0.0005286918603815138
0.005817227531224489
0.0015504411421716213
0.0014039045199751854
0.01728946901857853
0.0007828548550605774
0.003084733383730054
0.037127599120140076
0.0038600668776780367
0.00013353067333810031
0.00317998300306499
0.0007614433998242021
0.0001936025801114738
0.000150111794937402
0.0007447730749845505
0.0001297401759075001
9.485504415351897e-05
0.0003164141671732068
0.0030242102220654488
0.014656508341431618
0.0001991180906770751
0.04412563145160675
0.037577856332063675
0.0015182736096903682
0.00313687976449728
0.00534795830026269
0.004135973285883665
0.002890101633965969
0.003505221102386713
0.09477905929088593
0.0050078751519322395
0.0011353554436936975
0.02111903950572014
8.52941011544317e-05
0.001445604721084237
0.0003518300363793969
0.0003653236199170351
0.0002725381636992097
0.03437085077166557
0.0004803358460776508
0.005486194975674152
0.0011929812608286738
0.0005572440568357706
0.00019182059622835368
0.001137810293585062
0.0013719007838517427
0.06553714722394943
0.00017914004274643958
0.0008584370370954275
0.012031029909849167
0.00013484318333212286
0.02783975563943386
0.00018059031572192907
0.02677641063928604
0.0036654463037848473
0.0003574503934942186
0.0007762492168694735
0.01215332467108965
0.006877980660647154
0.0020067179575562477
0.07428041845560074
0.0019689088221639395
0.0005475693615153432
0.0006588590913452208
0.02937108464539051
0.00446332385763526
0.0005384687101468444
0.0011501280823722482
0.0009880834259092808
0.01510250847786665
0.0025557351764291525
0.0019575217738747597
0.000813630351331085
4.78383299196139e-05
0.0016954351449385285
0.0037534318398684263
0.0003266805724706501
0.0006695882184430957
0.005990498699247837
0.0052459947764873505
0.01112282183021307
0.011716505512595177
0.010338983498513699
0.0007285003084689379
0.002238052897155285
0.0006572342826984823
0.00036483266740106046
0.021764075383543968
0.008066332899034023
0.00028075577574782073
0.0013843589695170522
0.0003998519096057862
0.0005201352178119123
0.0007522342493757606
0.047771330922842026
0.0003048451035283506
0.0002619045553728938
0.016680026426911354
0.02437991090118885
0.0008450469467788935
0.00022113330487627536
0.0015928565990179777
9.509183291811496e-05
0.00020698245498351753
0.005783203989267349
0.00030048287590034306
0.005166600923985243
0.0007574116461910307
0.07037214934825897
0.00018302224634680897
0.00021417293464764953
0.007611687760800123
0.00023981716367416084
0.002811099635437131
0.0009938640287145972
0.0015238948399201035
0.04052020236849785
0.03926939144730568
0.014126164838671684
0.0011009862646460533
0.00016793960821814835
0.0013854523422196507
0.0004809195233974606
9.415415115654469e-05
0.0009410080965608358
0.061523910611867905
8.39788481243886e-05
5.3908443078398705e-05
0.00035513698821887374
0.000450159510364756
0.00017963215941563249
0.0001356857392238453
3.3316664485028014e-05
0.014802821911871433
0.010489199310541153
0.000456040957942605
0.002132873283699155
0.0009236303740181029
0.001314127934165299
1.9087512555415742e-05
0.0002278164029121399
7.123943214537576e-05
4.435750815900974e-05
5.51389493921306e-05
0.0019191303290426731
0.004305295180529356
0.000975451897829771
0.0010058723855763674
0.002626330591738224
0.0008870303863659501
0.0001748916256474331
0.0009985596407204866
0.0008901128312572837
0.00048564051394350827
0.01873844489455223
3.799050682573579e-05
0.00041227752808481455
0.0210973359644413
0.010133882984519005
0.0056214649230241776
3.0914219678379595e-05
3.200987703166902e-05
0.040188513696193695
0.0024046741891652346
0.013115132227540016
0.00011741519847419113
0.028271488845348358
0.004948095418512821
0.0031751347705721855
0.005822206847369671
0.00023495386994909495
0.0003260210214648396
0.0018199306214228272
0.004456721246242523
0.01111273281276226
0.004209071863442659
0.016195788979530334
0.0005171264056116343
8.20851419121027e-05
0.0040444256737828255
0.004816905595362186
0.0002686675579752773
0.013453565537929535
0.01863449439406395
0.054592762142419815
0.0010094500612467527
7.459462358383462e-05
8.16838801256381e-05
0.0004335918347351253
0.0006147795356810093
0.0008271749829873443
0.00018733026809059083
0.00016466314264107496
0.0016584224067628384
0.0004496299952734262
0.011082270182669163
0.0013253940269351006
0.00013725165626965463
0.002566062845289707
0.0018554035341367126
0.0017274022102355957
0.004522011149674654
0.00018168269889429212
0.0011800526408478618
0.0001546056882943958
0.00017325521912425756
0.0002398796787019819
0.003802443388849497
0.004600580781698227
2.094452611345332e-06
0.00021247424592729658
0.0008206394850276411
9.175456216325983e-05
0.0003176987811457366
0.001551712746731937
0.00014986332098487765
1.5168609024840407e-05
0.00019676597730722278
2.413693437119946e-05
0.0007286106701940298
0.0019217761000618339
1.0019146429840475e-05
0.07583487033843994
0.0013176039792597294
0.003238622797653079
0.00020110831246711314
0.009504836052656174
0.0008909010794013739
6.149688488221727e-06
0.0005493445787578821
0.0011797845363616943
0.0003025063779205084
0.001219085417687893
0.008898251689970493
0.00014892040053382516
3.35852091666311e-05
4.146148057770915e-05
2.1623482098220848e-05
0.0002450683095958084
0.0002053532807622105
0.00041401947964914143
0.0014224338810890913
0.00012176333257229999
0.0006320697139017284
2.957483593490906e-05
0.0008530518389306962
0.0001420204498572275
0.0015510395169258118
8.831686136545613e-05
0.00035418846528045833
0.0024489788338541985
1.082036214938853e-05
0.001037189969792962
0.00033327878918498755
0.0012157518649473786
1.0488086445548106e-05
6.609845513594337e-06
2.841722198354546e-05
1.0489763553778175e-05
0.02092696726322174
5.897445589653216e-05
9.987463272409514e-05
0.0031043156050145626
6.89964072080329e-05
0.0009892573580145836
0.001244100509211421
0.0001126172865042463
2.4638306967972312e-06
0.0005676790024153888
1.0628148629621137e-05
4.8491488087165635e-06
9.965738172468264e-07
1.1567238288989756e-05
5.039276948082261e-05
0.0005101220449432731
5.278285971144214e-05
7.258332334458828e-05
1.9919127680623205e-06
4.260305559000699e-06
0.00010985798144247383
8.291214908240363e-05
8.937894563132431e-06
0.0026240767911076546
0.000266392482444644
0.00012672266166191548
0.00040087333763949573
1.1726349839591421e-05
0.00017402009689249098
2.008127557928674e-05
2.461578105794615e-06
0.0007952962187118828
4.144065769651206e-06
4.025367888971232e-05
1.5427189282490872e-05
9.585238876752555e-05
4.138156873523258e-05
1.9894976048817625e-06
3.1341904104920104e-05
2.890584983106237e-05
0.0005885716527700424
5.065128061687574e-05
0.006699278950691223
5.918089300394058e-06
1.955652805918362e-05
1.124855043599382e-05
7.048529369058087e-05
4.5939228584757075e-05
7.533936877734959e-05
1.248098897121963e-06
1.0799923984450288e-05
7.230610208353028e-06
8.582853752159281e-07
1.6211555475820205e-06
2.2768907115278125e-07
1.0239450602966826e-05
0.00010735645628301427
0.00020319674513302743
0.0006011736113578081
4.891003845841624e-05
5.685718406311935e-06
2.3887007500889013e-06
2.2337851532938657e-06
0.00024369152379222214
1.9446673832135275e-05
8.217355934903026e-05
1.3006027074879967e-05
0.00013651946210302413
4.16882467106916e-05
1.0520671821723226e-05
2.15986292460002e-05
2.9517388611566275e-05
1.4514813301502727e-05
2.957009019155521e-05
0.00579875847324729
8.481467375531793e-06
0.00019189859449397773
0.00018773280316963792
7.642092896276154e-06
0.00011206771159777418
2.306628402948263e-06
8.41501823742874e-05
1.8431215721648186e-05
9.780802429304458e-06
1.3486902389558963e-05
8.416851414949633e-06
0.00012258440256118774
0.0021737320348620415
4.33682362199761e-05
3.9463015127694234e-05
5.9440067161631305e-06
3.874282583637978e-07
3.1841238524066284e-05
1.2805036021745764e-05
1.3709083759749774e-05
2.467623119173368e-07
9.368346218252555e-05
0.0005297854659147561
6.9237594289006665e-06
4.2199746985716047e-07
4.560662546282401e-06
2.759694507403765e-05
2.7991980459773913e-05
1.6477539247716777e-05
0.00039253366412594914
0.00042704842053353786
9.667616041042493e-07
1.0198445124842692e-05
6.467447747127153e-06
4.045649347972358e-06
2.1062510313640814e-06
1.980020442715613e-06
3.989610831922619e-06
1.667128708504606e-05
1.7497450244263746e-05
0.0001184415741590783
5.221294259172282e-07
1.929872041728231e-06
2.240980575152207e-05
5.475465513882227e-06
2.331741234229412e-05
1.4710099094372708e-06
0.00016283337026834488
0.0001806928776204586
3.9601662138011307e-05
0.00010618596570566297
0.0002050898183370009
4.0888525631999073e-07
1.8980685126734897e-05
6.579094770131633e-05
0.0002382639650022611
8.36450453789439e-06
8.94110999070108e-05
8.674794662510976e-05
8.325881935888901e-06
1.2236889233463444e-05
1.0812027539941482e-06
8.878482731233817e-06
3.306524604340666e-06
4.876757157035172e-05
1.147477905760752e-05
5.003922979085473e-06
1.6351528756786138e-05
3.972127160523087e-05
0.00010241761629004031
2.3448294086847454e-05
6.582497735507786e-05
5.1355942559894174e-05
9.41649341257289e-05
0.0002486214798409492
0.0002820024383254349
3.422666486585513e-05
1.2889284334960394e-05
8.0953432188835e-06
8.618721949460451e-07
0.00016057828906923532
1.2423668522387743e-05
1.1557800462469459e-05
2.956315438495949e-05
3.076544999203179e-06
0.00313031324185431
2.206377757829614e-06
0.0003133857680950314
9.907276762533002e-06
0.00047214466030709445
1.6092864143502084e-06
8.06454845587723e-05
3.37310011673253e-05
1.7860036678030156e-05
3.417197149246931e-05
9.932929970091209e-06
7.3414980761299375e-06
4.879413972957991e-05
0.0005252742557786405
5.599939413514221e-06
0.00023000003420747817
5.780288120149635e-05
1.126503775594756e-06
3.0010816772119142e-05
1.8834998627426103e-07
1.4125448615232017e-06
0.0009394232765771449
3.267132706241682e-05
3.729689069587039e-06
9.929931366059463e-07
3.5320255847182125e-05
3.635518623923417e-06
2.90238531306386e-05
1.2290673112147488e-05
4.2438091440999415e-07
0.00010109945287695155
0.00021867886243853718
3.40316637448268e-06
9.829627742874436e-06
2.641409764692071e-06
3.9457691514144244e-07
4.759716375701828e-06
6.395354375854367e-06
5.0261267460882664e-05
2.2473808712675236e-05
3.6640754842665046e-05
8.495384463458322e-06
2.426657738396898e-05
7.271758306615084e-08
2.0348419639049098e-05
2.1516234482987784e-05
3.3304866519756615e-05
1.6546873666811734e-05
2.010861862800084e-06
4.784304110216908e-05
1.2135319593653549e-06
2.436363047308987e-06
1.7881387037732566e-08
5.989742476231186e-06
4.541830639936961e-05
1.8798383507601102e-06
2.5420742531423457e-05
8.511895430274308e-05
2.5012355763465166e-05
4.0531130451881836e-08
1.4065844879951328e-06
7.414678293571342e-07
1.3505824654203025e-06
2.110202876792755e-05
2.1075504719192395e-06
1.5146442819968797e-05
9.695309927337803e-06
1.7252768884645775e-05
1.86164634214947e-05
0.0003956471337005496
6.973646122787613e-07
4.9573056458029896e-05
3.90969262298313e-06
1.8929051748273196e-06
4.6750774345127866e-05
1.3858496458851732e-05
7.295528234863013e-07
9.179098015010823e-08
7.057087145767582e-07
1.4435438515647547e-06
1.3958895578980446e-05
8.672594958625268e-06
2.4102411771309562e-05
2.7702931220119353e-06
3.0811140732112108e-06
4.881188942817971e-06
4.204090146231465e-06
9.443464477953967e-06
2.963115093734814e-06
1.643807081563864e-06
2.0110237528569996e-05
0.0002468875900376588
5.478886123455595e-06
4.45762270828709e-05
7.962629024405032e-05
5.888809937459882e-07
0.0014173297677189112
2.2292074675078766e-07
1.0075460522784851e-05
2.670264791504451e-07
3.2606301829218864e-05
6.86055045662215e-06
2.5306433144578477e-06
3.037297574337572e-06
3.013247578564915e-06
1.4805530099692987e-06
1.033510443448904e-06
7.400499725918053e-06
1.851217803050531e-06
3.780764927796554e-06
7.629280389664927e-07
2.7361094907973893e-05
3.553279611878679e-06
5.328583938535303e-07
1.0606730029394384e-05
6.75789624438039e-06
1.8726584585238015e-06
0.0010029941331595182
6.705096166115254e-05
1.013982455333462e-05
2.968275794046349e-07
1.4871569874230772e-05
3.799324986175634e-05
1.0671005838958081e-05
1.882197238955996e-06
1.2546009202196728e-05
5.0509606808191165e-06
2.4483431388944155e-06
2.0538188891805476e-06
4.1723215105093914e-08
1.423322714799724e-06
7.98428591224365e-05
6.866379180792137e-07
1.2611794772965368e-06
2.2172812919052376e-07
4.4277053348196205e-06
6.365673357322521e-07
4.106296728423331e-06
0.00010388533701188862
3.1828713531467656e-07
5.250208232610021e-06
4.133857601118507e-06
1.4972303006288712e-06
8.894749043975025e-06
3.2552916309214197e-06
4.959009061167308e-07
1.9010487449122593e-05
1.6126750779221766e-05
0.00016084866365417838
4.005399887319072e-07
8.728606189833954e-06
3.989971082773991e-05
1.1499501852085814e-05
7.050365820759907e-05
9.899487849907018e-06
5.046839760325383e-06
1.0225717232970055e-05
7.633403583895415e-05
1.9603141481638886e-05
5.374286502046743e-06
4.024242116429377e-06
6.271959864534438e-05
1.1322894351906143e-05
5.483586846821709e-07
1.873062865342945e-05
1.2528383876997395e-06
1.0771035704237875e-05
9.302585567638744e-06
2.8616581403184682e-05
3.696365456562489e-05
1.5064209947013296e-05
1.1804300811490975e-05
7.3485731263645e-05
4.5208427764009684e-05
5.793480158899911e-05
8.66693226271309e-05
2.9406326575553976e-05
9.912038512993604e-05
3.42640487360768e-05
2.729881884988572e-07
1.7319808875981835e-06
1.1086157201134483e-06
2.486557150405133e-06
2.6761257686302997e-05
0.0002591650409158319
1.6450810846890818e-07
1.3796104212815408e-05
5.105425952933729e-05
0.0002659301389940083
1.9000588054041145e-06
5.077413334220182e-06
1.8352582628722303e-05
9.056913404492661e-05
4.487782916839933e-06
3.6698900203191442e-06
1.4888899386278354e-05
6.17120986134978e-06
1.8656684915185906e-05
1.2647683433897328e-06
1.5091586647031363e-06
3.495882083370816e-06
5.7430479500908405e-06
2.9527063816203736e-06
6.70291919959709e-05
6.008034461046918e-07
1.5497201744096856e-08
1.505959971837001e-05
1.593396700627636e-05
7.337151328101754e-05
7.510175947800235e-08
3.635820462477568e-07
1.9548500858945772e-05
1.60519739438314e-05
6.277584361669142e-06
3.304773417767137e-05
4.279075255908538e-06
0.001541703473776579
4.684855525738385e-07
1.7809376231525675e-06
6.547100383613724e-06
3.183607987011783e-05
1.308874630012724e-06
3.410786666790955e-05
9.053129360836465e-06
6.741459401382599e-06
4.732498553039477e-07
4.637179529254354e-07
5.095598680782132e-06
0.00018661603098735213
4.172323286866231e-08
6.341873017845501e-07
5.310374763212167e-05
5.755617166869342e-06
0.0001374159037368372
3.66743824997684e-06
2.7117732770420844e-06
2.4555927211622475e-06
6.186877499203547e-07
7.370601906586671e-06
4.01776969738421e-06
3.7380646062956657e-06
4.935213837597985e-07
1.370903106590049e-07
1.0261949682899285e-05
3.806126187555492e-05
3.9410890167346224e-05
8.072226592048537e-06
1.0934442798316013e-05
8.286595402751118e-06
7.987011230170538e-08
2.5471041226410307e-05
2.6284710656909738e-06
2.576913175289519e-05
2.254823994007893e-05
2.6403783977002604e-06
2.106208739860449e-06
5.006783965200157e-08
1.4332530554383993e-05
3.296083377790637e-05
1.9656752101582242e-06
5.376292619985179e-07
4.218331923766527e-06
8.504175639245659e-05
3.7246147712721722e-06
1.389039789501112e-05
2.0896090063615702e-05
6.136265437817201e-05
6.932131782377837e-06
5.6885099184000865e-05
4.475248351809569e-05
0.0007874626899138093
1.9311814014599804e-07
6.422767182812095e-05
1.4323898540169466e-05
4.945443379256176e-06
0.00041899189818650484
6.353093340294436e-06
1.653751496633049e-05
2.539143224566942e-07
2.129898166458588e-05
7.517390258726664e-06
1.4642390851804521e-05
5.829238602927944e-07
6.318081346989857e-08
2.0980705528472754e-07
3.192296162524144e-06
3.910711711796466e-06
1.8798173186951317e-06
8.022609563340666e-07
7.848280802136287e-06
3.6420547985471785e-05
7.867795659421972e-08
1.3494121731127962e-06
1.49908546518418e-05
3.915640263585374e-06
1.4101570968705346e-06
9.838555342867039e-06
4.8658912419341505e-05
4.76837147544984e-09
1.764285286753875e-07
3.349293183418922e-05
6.246511361496232e-07
5.197438781578967e-07
1.394739541638046e-07
4.091182563570328e-05
3.2515063139726408e-06
8.344648527724985e-09
3.452031251072185e-06
1.0920221939159092e-05
1.1998932677670382e-05
2.910885086748749e-06
1.7415843103663065e-05
7.028961135802092e-06
4.792159415956121e-07
1.03711826682229e-07
5.1259931410641e-08
2.3007333993518841e-07
4.483896191231906e-06
5.531237547984347e-07
6.278319233388174e-06
3.2111647669808008e-06
2.7141006739839213e-06
1.976308340090327e-06
2.0133475118200295e-06
7.222412477858597e-06
3.790806033521221e-07
6.402325197996106e-06
9.655001122155227e-06
1.8690705019253073e-06
1.764292818506874e-07
2.487483470758889e-05
9.852603398030624e-06
6.547096290887566e-06
4.063031155965291e-06
2.5258225377911003e-06
1.809827153920196e-05
4.191715106571792e-06
2.618930693643051e-06
3.858839045278728e-05
1.149112222265103e-06
0.00017323177598882467
7.44236876926152e-06
7.562170594610507e-06
4.544026069197571e-06
1.51904587255558e-05
5.68988662053016e-06
1.0883663890126627e-06
2.7118830985273235e-05
6.173291694722138e-06
8.20131958789716e-07
1.139041251008166e-05
7.045169354569225e-07
2.7775581656896975e-07
4.365710537967971e-06
0.0004709517816081643
5.602777264357428e-07
2.026555812051356e-08
1.5341682228608988e-05
1.1400702533137519e-05
5.960448490327508e-08
1.0332536476198584e-05
3.7189838621998206e-06
7.271753332815933e-08
9.53674206272126e-09
1.656890390222543e-06
7.474313292732404e-07
9.915116970660165e-05
6.687247514491901e-05
6.139097195045906e-07
4.5299426432166e-08
3.144076617900282e-05
4.172316891981609e-08
6.7232934952699e-07
1.2337914085946977e-06
9.630370914237574e-05
3.263508915551938e-05
2.795366890495643e-05
9.638768460717984e-06
5.612328095594421e-06
7.42792781238677e-06
1.878649641184893e-06
8.272791660601797e-07
4.970970053363999e-07
1.0535153705859557e-05
1.4781900858906738e-07
3.3259041742894624e-07
0.0009340833057649434
3.2305482022820797e-07
7.116672122720047e-07
3.4323449654038996e-05
7.080902264533506e-07
1.590426836628467e-05
2.264974696686295e-08
4.7064950194908306e-05
1.582589538884349e-05
2.9444277060974855e-07
1.347059992440336e-07
2.6985771910403855e-06
3.576278384542775e-09
1.788126553492475e-07
2.138392119377386e-06
5.26894496033492e-07
1.574198904563673e-05
8.716453521628864e-06
1.0336101695429534e-05
5.209379878579057e-07
1.394741531157706e-07
3.5762224115387653e-07
3.5222428778070025e-06
3.014434150827583e-05
6.294094987424614e-07
8.344649415903405e-09
2.2649754072290307e-08
1.0382076652604155e-05
2.3858558051870205e-05
4.6491550165228546e-08
1.8107087953467271e-06
1.1105801604571752e-05
1.3313048839336261e-05
1.3148184052624856e-06
3.816760363406502e-05
3.119466327916598e-06
4.6252790752987494e-07
3.0364688427653164e-05
1.4983594383011223e-06
1.6450752582386485e-07
1.1706008535838919e-06
1.1610470664891182e-06
6.000145731377415e-06
4.5527872316597495e-06
1.933510702656349e-06
3.3378547925622115e-08
0.00043155282037332654
7.987002703657708e-08
8.940661189171806e-08
6.943309927009977e-06
1.810730509532732e-06
7.390968193021763e-08
8.046461630328849e-07
1.0049125194200315e-06
5.006714332012052e-07
6.470604603237007e-06
1.290961790800793e-06
1.9477458863548236e-06
6.246372663554212e-07
1.335141348590696e-07
4.454345798876602e-06
3.9126985939219594e-05
2.4281450805574423e-06
1.0847988107798301e-07
2.1338408373594575e-07
6.437102229028824e-07
2.52109771281539e-06
8.385242836084217e-06
3.6597089092538226e-07
1.4614099654863821e-06
1.1324849680249827e-07
7.641215233888943e-07
1.0892113095906097e-05
4.729150987259345e-06
2.8610211089130644e-08
1.523414539406076e-06
3.1943677640811075e-06
3.564314852155803e-07
4.231872026139172e-07
1.9703354610101087e-06
1.692245132289827e-05
4.4345543415147404e-07
1.3112949659443984e-07
1.692704586275795e-06
6.117158136476064e-06
6.585893515875796e-06
3.6662638649431756e-06
3.8146946934602965e-08
1.0926837603619788e-05
9.771017175808083e-06
0.00012340674584265798
8.725754128136032e-07
6.3960947045416106e-06
0.00010119139187736437
1.63315604595482e-07
3.3258854159612383e-07
1.0334935041100834e-06
4.5323307858780026e-05
6.629229028476402e-05
2.5033946471353374e-08
3.9071737774065696e-06
4.529948327558486e-08
2.083596655211295e-06
8.570978593525069e-07
2.0967884211131604e-06
0.0013714958913624287
6.318077794276178e-08
3.661874870886095e-06
4.496155725064455e-06
0.00013895529264118522
6.000666871841531e-06
0.00015577918384224176
0.00016209203749895096
6.699436312374019e-07
4.643863121600589e-06
5.463807156047551e-06
9.451531695958693e-06
0.0008334700250998139
1.7171756553580053e-05
0.0001509662833996117
2.3364891887922568e-07
2.7102210879093036e-05
1.188737132906681e-05
0.00016006552323233336
0.00014769974222872406
7.110791921149939e-05
5.960463234089275e-09
3.35641234414652e-05
1.222252831212245e-05
3.438637122599175e-06
1.7687416402623057e-05
1.618748342480103e-06
4.79587288282346e-06
5.617997157969512e-05
0.0018866078462451696
1.763724685588386e-05
1.2337445696175564e-06
0.00022417394211515784
3.811713213508483e-06
6.412958464352414e-05
9.179098725553558e-08
1.1825012506960775e-06
3.5020639188587666e-06
8.181627890735399e-06
0.0001769438968040049
1.0103683052875567e-05
1.9712571884156205e-05
4.122012251173146e-05
1.163991510111373e-05
3.695483030696778e-08
6.7851592575607356e-06
0.0004823173221666366
0.004125204402953386
7.045159691188019e-07
2.6641951080819126e-06
1.6063591829151846e-05
0.01226026751101017
5.757733561040368e-07
4.6863924580975436e-06
4.9315611249767244e-05
4.633991920854896e-05
0.00023719888122286648
9.021700861922e-06
1.1175650797667913e-05
0.0007127881981432438
0.0003759773389901966
2.3930069801281206e-05
0.0003704640257637948
8.014370541786775e-05
3.364971780683845e-05
2.224204763479065e-06
2.384185515680315e-09
7.751217344775796e-05
9.775122578048467e-08
3.968257806263864e-05
2.6628206342138583e-06
0.0009595301235094666
3.2408622701041168e-06
0.00016183617117349058
1.430510998545742e-08
1.489487931394251e-05
3.494783868518425e-06
4.656830242311116e-06
0.003414424601942301
5.397910172177944e-06
0.00026968171005137265
2.59569424088113e-05
0.0007449007825925946
8.207617065636441e-05
0.00014301777991931885
9.65599319897592e-05
0.0006992189446464181
4.7020570491440594e-05
0.0007151092868298292
0.0038984394632279873
0.0010923448717221618
9.794907964533195e-05
0.01798827014863491
0.014987851493060589
0.00016097407205961645
0.0005472599877975881
0.0032367915846407413
0.0012804397847503424
0.0009399152477271855
0.0002535854000598192
0.0004157354705967009
7.374677807092667e-06
0.0015423874137923121
1.617599536984926e-06
1.788038389349822e-06
0.00021963355538900942
3.019030009454582e-05
0.00011626262130448595
0.008709227666258812
6.389540772033797e-07
8.967814937932417e-05
3.5921621019952e-05
5.0712340453173965e-05
1.993008254430606e-06
0.0004736349801532924
5.903747478441801e-06
4.935201900480024e-07
1.8238908694456768e-07
7.65574168326566e-06
1.0740247944340808e-06
8.270542457466945e-05
2.7298628424432536e-07
6.0302470956230536e-05
0.00017649467918090522
1.0490390423001372e-07
0.0019063565414398909
0.004362171981483698
5.4597789130639285e-05
7.533869847975438e-07
0.0010678948601707816
0.00010986911365762353
4.4257678382564336e-05
2.252545891678892e-05
2.6283307761332253e-06
0.00012605228403117508
1.323219720461566e-07
4.64967597508803e-05
0.00018037018890026957
0.0005520230624824762
0.011733858846127987
2.7004274670616724e-05
0.0028890911489725113
3.495275814202614e-05
0.0011773899896070361
1.6374851838918403e-05
0.06913449615240097
0.009585916064679623
0.0038669335190206766
0.0002689364191610366
0.0016475259326398373
3.959161404054612e-05
2.0541236153803766e-05
0.00020164757734164596
0.00010132878378499299
0.00044892399455420673
4.5938464609207585e-05
0.00039497576653957367
0.00023873666941653937
8.642560942462296e-07
1.315206191065954e-05
0.0018597469897940755
0.0001938892964972183
0.006728991400450468
0.0023844733368605375
0.0016730654751881957
0.0007443811045959592
1.6986670061669429e-06
1.3441246665024664e-05
5.9028238865721505e-06
2.20771453314228e-05
4.1739699554455e-06
0.0012827309546992183
1.1563267321434978e-07
8.134086965583265e-05
0.00013856860459782183
0.012553995475172997
2.6170275305048563e-05
0.00038575512007810175
0.001196152064949274
0.0021107725333422422
2.8871665563201532e-05
4.417607487994246e-05
0.013221124187111855
4.294936661608517e-05
0.00012493098620325327
2.0908455553581007e-06
1.1797945262514986e-05
7.631947664776817e-05
0.00027797569055110216
6.532914540002821e-06
4.521199571172474e-06
7.532750169048086e-05
1.31509123093565e-05
0.0009184264345094562
3.0430028346017934e-05
4.216940942569636e-05
6.216110250534257e-06
6.680486876575742e-06
0.007753618527203798
8.340997737832367e-05
0.00031080638291314244
0.0006146587547846138
0.008153595961630344
0.0008254115236923099
0.08602757751941681
2.8668637241935357e-06
9.070958913071081e-05
5.153677557245828e-05
0.005121735855937004
0.0004398918536026031
8.67105190991424e-05
5.597409199253889e-06
0.0070104836486279964
3.851817746181041e-05
8.549010090064257e-06
8.589746721554548e-05
0.0007607958395965397
0.0019349055364727974
5.2520994358928874e-05
0.016205381602048874
4.3125924094056245e-06
0.00014686636859551072
3.6238445318304e-05
0.00017297644808422774
5.759004125138745e-06
0.0002210311940871179
0.00010302849841536954
0.00024405309522990137
0.00015558459563180804
0.0002347790141357109
0.0008081698324531317
2.0589082851074636e-05
4.014726073364727e-06
3.6513229133561254e-05
1.0097681297338568e-05
0.00010762885358417407
0.1095840260386467
0.014425992034375668
0.0018150222022086382
0.00023412832524627447
5.9957150369882584e-05
4.426000305102207e-05
0.0038501888047903776
0.00026998910470865667
0.0009131305851042271
9.663348464528099e-06
5.380992661230266e-05
0.00018627734971232712
0.00030836305813863873
0.00014332076534628868
0.0001538815995445475
5.69701696804259e-05
9.916439739754423e-05
0.0006559430039487779
0.0006916089914739132
0.0003984147042501718
0.0011435800697654486
0.00014966093294788152
0.00014163425657898188
7.351761269092094e-06
0.00012732054165098816
0.0010871030390262604
9.106608558795415e-06
8.538283509551547e-06
0.00037787106703035533
6.584536549780751e-06
0.005952841602265835
9.073375986190513e-05
3.9514407035312615e-06
0.00011809531861217692
0.0011439728550612926
0.0001389633835060522
0.0002251234109280631
6.568264439010818e-07
4.877713763562497e-06
0.004467212129384279
5.072747171652736e-06
2.881310138036497e-05
0.06285117566585541
4.982910013495712e-07
0.005621185526251793
0.0203008484095335
2.017452789004892e-05
1.5805924704181962e-05
0.00024877797113731503
4.609161351254443e-06
2.6939787858282216e-06
5.822209277539514e-05
0.0002231430116808042
5.1207585784140974e-05
4.3550685404625256e-06
3.442465094849467e-05
0.0013790978118777275
3.8908201531739905e-06
2.042384039668832e-05
8.420938684139401e-05
1.8113139958586544e-05
0.00015878622070886195
0.012416676618158817
5.305699960445054e-05
0.0033971930388361216
9.639628115110099e-05
9.695730841485783e-05
0.0009002775768749416
0.00759462732821703
0.00012290645099710673
0.004218123387545347
0.018383814021945
0.059886179864406586
0.001977526815608144
0.00088689528638497
0.0009687565034255385
0.0015071752713993192
0.0002957990800496191
0.01228841207921505
1.03895890788408e-05
4.953489769832231e-05
0.0008667752263136208
0.007992876693606377
0.0006548537057824433
0.00020745066285599023
0.0004376950382720679
2.3959904865478165e-05
0.001563191064633429
0.0015719265211373568
0.0026769237592816353
0.002821079222485423
0.00024587707594037056
0.005247002933174372
0.0003934362612199038
6.176392344059423e-05
0.023965463042259216
0.0003663525858428329
0.029326139017939568
0.00847665686160326
0.000332147057633847
8.680410974193364e-05
0.00010198964446317405
8.504369907313958e-05
0.00020767963724210858
1.634075124457013e-05
0.0003992234996985644
6.710781235597096e-06
0.0021965052001178265
0.00010010164987761527
0.0023351116105914116
0.0011143151205033064
0.07684437185525894
0.007982993498444557
3.50330192304682e-05
0.00046082676271907985
0.0002546315372455865
0.0007106589036993682
8.390563743887469e-05
0.000655358424410224
2.4521998057025485e-05
0.0007860389305278659
0.003695766907185316
0.0037303501740098
0.0006328975432552397
0.0002837862411979586
0.003396620973944664
2.7180527467862703e-05
6.845773896202445e-06
8.149754285113886e-05
0.0006157583557069302
0.0003435275284573436
0.00029501933022402227
4.5733730075880885e-05
0.07133955508470535
0.016031159088015556
1.5132577573240269e-05
0.045518819242715836
0.0027894657105207443
0.0001744033070281148
0.0006017570849508047
0.012214920483529568
3.289847154519521e-05
0.011512684635818005
0.005036068148910999
0.0018892142688855529
0.00046685669803991914
0.01355710905045271
0.0001882094657048583
6.0356265748851e-05
0.00010264266893500462
9.017291449708864e-05
1.0212363122263923e-05
0.013132821768522263
0.005762694403529167
1.4435013326874468e-05
0.009891445748507977
0.00046851823572069407
0.03275894746184349
0.00024162007321137935
0.0006087388028390706
0.006794454995542765
0.0007199848187156022
8.344213711097836e-05
0.012609582394361496
0.00016446970403194427
0.0024462155997753143
0.00376675883308053
3.756720252567902e-05
0.002734703943133354
6.195466994540766e-05
0.0025517100002616644
0.00024296841002069414
0.0010468271793797612
6.637004116782919e-05
0.00013738952111452818
0.00011968838225584477
0.0028021112084388733
0.001535033923573792
0.002132740803062916
0.0006989390240050852
0.00036012017517350614
0.006418575532734394
0.0024328052531927824
0.0007010448607616127
0.030676908791065216
0.0014557171380147338
0.0009442288428544998
0.0014834627509117126
0.07379872351884842
0.0026077106595039368
0.001341358758509159
0.0008848613360896707
0.0018805793952196836
1.5325464119086973e-05
0.0015911386581137776
0.0003657280176412314
0.00021274779282975942
0.0036240904591977596
0.0002750956336967647
0.0004943975945934653
5.037181108491495e-05
0.00299377110786736
5.368738857214339e-05
0.01153805572539568
0.014926481060683727
0.03594932705163956
0.0022577401250600815
0.0032145606819540262
0.042724672704935074
0.00795731134712696
0.0013896615710109472
0.0003614576125983149
0.001675098086707294
0.00022931519197300076
0.001782029401510954
0.0006965755601413548
0.0002789086720440537
0.0013618324883282185
0.007421065587550402
4.347333288023947e-06
0.0030373684130609035
0.0009722905815578997
0.00028443679912015796
0.026675431057810783
0.0028885880019515753
0.00014020683011040092
2.5536297471262515e-05
0.00045572646195068955
0.0004384269122965634
0.06116582080721855
0.013039286248385906
0.0014684173511341214
0.02917582541704178
0.01218816265463829
3.98619486077223e-05
0.013144059106707573
0.0003076122375205159
0.012997206300497055
3.151737473672256e-05
0.00027074647368863225
3.8843067159177735e-05
0.00047235068632289767
0.0062776003032922745
0.0005854484625160694
0.0011395178735256195
0.005653823725879192
0.047072216868400574
0.0005706441006623209
0.0020949342288076878
0.014312193728983402
0.013334826566278934
0.014544103294610977
0.017107045277953148
0.00016274390509352088
0.08604298532009125
0.00374513934366405
0.00011354904563631862
0.0004418844764586538
0.005921527277678251
0.0005990089266560972
6.46445550955832e-05
0.020203234627842903
0.006831706967204809
0.007909209467470646
0.0034664408303797245
0.00021801794355269521
2.303622204635758e-05
0.03629179298877716
0.00416354788467288
0.0011057198280468583
0.002450009575113654
0.00015228716074489057
0.0007871517445892096
0.0003804367152042687
0.00029077258659526706
0.012837456539273262
0.0003567175881471485
0.0014073586789891124
0.0002965723106171936
0.041689690202474594
4.7183209971990436e-05
0.003960854839533567
0.001618142705410719
0.024610944092273712
0.00010003420175053179
0.008059198036789894
0.0003492278920020908
0.003282398683950305
0.004890281707048416
0.0006187968538142741
0.04397536441683769
0.00030800895183347166
0.0059387641958892345
0.0004533604078460485
0.006712315138429403
5.490408148034476e-05
0.0002381654630880803
0.00023157130635809153
0.0018753584008663893
6.949187991267536e-06
0.00011886467109434307
6.750072498107329e-05
0.001092227059416473
2.638510886754375e-05
0.0003513180126901716
0.0025978831108659506
0.013868224807083607
0.001290304702706635
0.0032090875320136547
4.251784503139788e-06
0.0013576826313510537
2.076134114759043e-05
0.0018900842405855656
1.0832495718204882e-05
0.0001477192563470453
0.0031405326444655657
0.000525071460288018
0.005469319876283407
0.016461670398712158
0.009305989369750023
0.000541596207767725
0.003268619067966938
0.0037108841352164745
2.3129879991756752e-05
0.002143790712580085
0.0012368018506094813
0.0005839319201186299
0.0030082932207733393
0.00017586744797881693
0.006274101790040731
0.0005755990860052407
0.0004810280224774033
0.0013796244747936726
0.0026156464591622353
0.0016159942606464028
0.0003925362543668598
0.0004921929794363678
0.0021814240608364344
7.528205060225446e-06
0.00016830500680953264
3.638687849161215e-05
2.3665181288379245e-05
0.0003242590755689889
0.0006390918861143291
0.0015254445606842637
0.05033445730805397
0.00023518517264164984
0.03701051324605942
0.004695683252066374
0.00020873580069746822
0.00042760916403494775
0.06489047408103943
0.0001732481614453718
3.274157643318176e-05
0.005414541345089674
0.01960507221519947
0.0010731657966971397
0.012241491116583347
0.03741031512618065
0.004819327965378761
9.553366544423625e-05
0.0022465544752776623
0.0020793110597878695
0.009656274691224098
0.022517627105116844
0.0017861706437543035
0.006680372171103954
0.00041721988236531615
0.06310175359249115
0.0058367252349853516
0.00038420865894295275
0.026733286678791046
0.0021107869688421488
0.0007578120566904545
0.00857680942863226
0.0005573102389462292
0.001090272911824286
0.0004929635906592011
0.0021849884651601315
0.003312322311103344
0.005414964631199837
0.000374781055143103
0.0013198247179389
0.002811405574902892
0.02151533216238022
0.02242334932088852
0.04850241541862488
0.0007965128752402961
0.0007418551831506193
8.221808820962906e-05
0.0018682278459891677
0.0027236654423177242
0.0026823608204722404
0.00038474719622172415
0.0017633720999583602
1.482379866502015e-05
0.005895716603845358
0.008737726137042046
0.0008484434802085161
0.0008495659567415714
0.010913311503827572
0.06435279548168182
0.00015358638484030962
0.007688894402235746
0.035457152873277664
0.000525438750628382
0.0007789210067130625
0.004234734456986189
0.0024610531982034445
0.003289966844022274
0.00016400616732425988
0.037449911236763
0.0005332974251359701
0.00011701609764713794
2.307588147232309e-05
4.412753332871944e-05
0.011828353628516197
6.272972677834332e-05
0.0001010885534924455
1.6894358850549906e-05
0.0006658564670942724
0.0002957064425572753
0.01518467627465725
0.00257283728569746
0.0015425790334120393
7.106558769010007e-05
0.0001834397262427956
0.02022659033536911
0.000209210513276048
0.0016690827906131744
0.0007494065794162452
0.0001355093263555318
0.00039657310117036104
0.003548362525179982
0.0002476755471434444
0.001829847227782011
0.00013066193787381053
0.049472417682409286
0.00137330440338701
4.7264918975997716e-05
0.001405023504048586
9.487848728895187e-05
0.00854691956192255
0.01215020939707756
0.0524740032851696
0.0125255873426795
0.00033872731728479266
0.0346231572329998
0.0004056041652802378
3.642219235189259e-05
0.0013897694880142808
8.799276110948995e-05
0.032334402203559875
0.016439789906144142
0.0005277690943330526
0.000730471103452146
0.007738858461380005
0.0003801414277404547
0.002920494880527258
0.0065847174264490604
0.0018825375009328127
0.023996921256184578
0.00036282415385358036
0.015947453677654266
0.01897924207150936
0.0005668090307153761
0.000755763438064605
0.00022878356685396284
0.002725028432905674
0.06277554482221603
0.011318165808916092
8.25614552013576e-05
0.0003603081277105957
0.027107151225209236
0.010082611814141273
0.0035758400335907936
0.0767730250954628
0.06301610171794891
0.006257773842662573
0.00010129955626325682
0.0011681339237838984
0.00022941979113966227
0.004082064144313335
0.0005160697037354112
0.004141317680478096
0.0009391533094458282
0.00016365105693694204
0.00028054334688931704
0.0004351797397248447
0.0014937901869416237
0.0008745414088480175
0.00016546346887480468
6.634972669417039e-05
0.00013327316264621913
7.127375283744186e-05
8.595266990596429e-05
0.0001073929452104494
5.512621646630578e-05
0.0060051800683140755
0.0005358202615752816
0.002499507274478674
9.862513252301142e-05
0.0032014211174100637
0.00041228768532164395
0.0007900819182395935
0.014817189425230026
0.003976118750870228
0.036560915410518646
0.0020791508723050356
0.003026252146810293
0.03501814976334572
0.010690223425626755
0.029437590390443802
0.006218938622623682
0.00018497361452318728
0.0001541550736874342
0.008780458942055702
0.005158653482794762
0.0003507081128191203
0.011149420402944088
0.0005902184057049453
0.00531352823600173
0.0003813056682702154
0.004816127009689808
0.0009460219880566001
0.00031850504456087947
0.021813299506902695
0.0009246119298040867
0.004004933405667543
0.0033507414627820253
0.00017620422295294702
0.0001935849868459627
0.008253720588982105
0.014119813218712807
0.013620270416140556
0.0016068188706412911
0.0020350280683487654
0.00045148879871703684
0.004821580834686756
0.0006653406308032572
0.0001671531645115465
9.92121931631118e-05
0.00028283451683819294
0.000249600678216666
0.00017943607235793024
0.0009078347939066589
8.207100472645834e-05
0.0017698014853522182
2.8537187972688116e-05
3.5471388400765136e-05
0.00043928888044320047
9.234055141860154e-06
4.165628342889249e-05
0.0007128769066184759
0.02406902238726616
0.000984940561465919
0.000427682651206851
0.0037710056640207767
0.0026019548531621695
0.013419274240732193
0.0033426666632294655
0.0009363930439576507
0.00017693547124508768
0.008925522677600384
0.005171967204660177
0.012084131129086018
0.019931398332118988
0.017146337777376175
0.021103674545884132
0.005496732424944639
0.02503545954823494
0.00040522293420508504
0.00022900548356119543
0.00024280589423142374
6.823387229815125e-05
0.021633660420775414
2.8937438401044346e-05
0.0003102501796092838
0.011157015338540077
0.010735827498137951
0.0026761209592223167
0.0001996731589315459
0.033855583518743515
0.00010139420919585973
0.000272862846031785
0.0002482227864675224
0.0021490035578608513
0.0006256061606109142
0.01647469587624073
0.005236457567662001
0.0003939105663448572
0.00844649225473404
0.00014649485819973052
0.004542372189462185
0.00319462176412344
0.0027947830967605114
0.004465596750378609
0.011620922945439816
0.00011172871018061414
0.02321777492761612
0.0015204420778900385
0.018019936978816986
0.015462190844118595
0.017012853175401688
0.001756211626343429
0.0002752977015916258
0.015797294676303864
0.06736978888511658
0.02529245615005493
0.008248725906014442
0.0014649133663624525
0.0996784120798111
0.04902849718928337
0.010238563641905785
0.006836526561528444
0.0018581132171675563
0.0020426162518560886
0.00229160045273602
0.0005910734180361032
4.157745570410043e-05
0.0022036288864910603
0.0013548288261517882
0.00010043355723610148
0.0038567068986594677
0.0002462776901666075
0.0045076762326061726
0.0022618966177105904
0.0011736159212887287
5.191451054997742e-05
0.0002426434657536447
0.0017658205470070243
0.00037926941877231
0.011207972653210163
0.0018409047042950988
0.016210442408919334
4.439015538082458e-05
0.04713074862957001
0.00523150572553277
0.012250720523297787
0.012865372933447361
0.0005099787376821041
4.621987318387255e-05
0.0003361954295542091
7.60802868171595e-05
0.00010597216169117019
0.0004054557648487389
0.013554003089666367
0.03275550529360771
0.0003000647993758321
0.016917282715439796
0.04746631160378456
0.023948268964886665
0.03518948704004288
0.03486263379454613
0.0006055410485714674
0.001528630731627345
0.0013228841125965118
0.000164039884111844
9.519326340523548e-06
4.087516208528541e-05
0.0013285661116242409
0.005294820759445429
3.875516995321959e-05
0.00045388328726403415
0.00013869772374164313
0.0003043713222723454
0.00024202138592954725
0.10464505106210709
0.0006963536725379527
0.020625293254852295
0.011316047981381416
0.013323593884706497
0.0031032892875373363
0.0018071727827191353
0.011277001351118088
8.564351446693763e-05
0.0004846655938308686
6.262525857891887e-05
4.2126295738853514e-05
0.0009314688504673541
0.0002707324456423521
5.024603524361737e-05
0.003871315624564886
0.000800686189904809
0.005817431025207043
0.022165758535265923
0.001959550194442272
0.0022706894669681787
0.0017356680473312736
0.0014884084230288863
0.007374810054898262
0.01478529442101717
0.010825497098267078
0.0006073382683098316
0.0066983336582779884
7.662105053896084e-05
0.006278140936046839
0.025804614648222923
0.003457973012700677
0.014016994275152683
0.0003310896863695234
0.0012332614278420806
0.0021134610287845135
0.0059784031473100185
0.0003175733145326376
0.0020760868210345507
4.5890115870861337e-05
0.00018650766287464648
0.0004437309398781508
0.009417670778930187
0.008963437750935555
0.0016217957017943263
0.00011051430192310363
0.005710722878575325
0.019125251099467278
0.003985187504440546
0.0007912740111351013
0.004464780446141958
0.0006525045027956367
0.005713744554668665
0.002187643898651004
0.000377469725208357
0.0004844289505854249
0.009292740374803543
7.780612941132858e-05
4.552835525828414e-05
0.014396985992789268
0.010359227657318115
0.008609049022197723
0.000554167665541172
0.00032965635182335973
0.0087423799559474
0.00495046004652977
6.104225030867383e-05
0.0002883781853597611
0.010818840004503727
2.956280013677315e-06
0.00022708505275659263
0.00015952908142935485
0.0010068020783364773
1.4519376918542548e-06
1.0173315786232706e-05
0.0004306643095333129
0.0017703983467072248
0.00367674115113914
0.00018321038805879653
0.00011829379945993423
0.0005043877754360437
0.0004844182694796473
0.002707230858504772
0.02043280564248562
0.001652786391787231
0.00015622681530658156
0.003301006741821766
0.0019546872936189175
0.007954174652695656
0.00936348456889391
0.00020130170742049813
0.006563288159668446
0.09076633304357529
0.001102506765164435
3.3340253139613196e-05
0.003350356826558709
0.00011367700062692165
0.0002380462974542752
0.0010006095981225371
0.007354098372161388
0.03734573349356651
6.798142567276955e-05
0.0016638209344819188
0.03244776278734207
4.972017268300988e-05
0.014331179670989513
0.003125065006315708
6.655883771600202e-05
0.046583741903305054
0.004385866690427065
0.004982311744242907
0.009421669878065586
0.00014478270895779133
0.0022729148622602224
0.0004803720221389085
0.0021023452281951904
0.00011604117025854066
0.0003161306376568973
0.00010996803757734597
0.0052518341690301895
0.0006195774185471237
0.0008402507519349456
2.2533011360792443e-05
0.03417118638753891
0.001713963458314538
0.03156482055783272
0.0004229960322845727
0.0010756294941529632
1.869137486210093e-05
0.0005281163030304015
5.032328044762835e-05
0.0006077926373109221
6.44131941953674e-05
3.503026164253242e-05
0.001714981161057949
0.0003089063393417746
0.0008337263716384768
4.746423655888066e-06
0.000294301426038146
0.0004027178219985217
0.00034644975676201284
0.00039841182297095656
0.0009340295218862593
0.0023688182700425386
0.00018587805971037596
0.0084476163610816
0.0007667217287234962
0.00011057192750740796
0.00987752340734005
0.00011696592264343053
0.014428442344069481
0.02788841724395752
0.0013442428316920996
0.0017418930074200034
0.0005400144145824015
0.0018508454086259007
0.0007464130758307874
0.002269140211865306
0.00478244898840785
0.010697576217353344
0.009430572390556335
0.0072061787359416485
9.911169036058709e-05
0.0012137658195570111
0.00402110256254673
7.457872561644763e-05
0.00032053838367573917
0.00026996133965440094
0.0016840915195643902
0.0007004230283200741
0.006226986180990934
0.0001640447590034455
6.629818926739972e-06
1.7005379049805924e-05
0.0016472514253109694
0.00013956156908534467
0.00011839527724077925
0.03354625031352043
0.05589156597852707
0.025815844535827637
0.008409502916038036
0.006798146292567253
0.03818344697356224
0.0002784749085549265
0.14364413917064667
0.039822958409786224
0.023766545578837395
0.00018805990112014115
0.004150433000177145
0.011539311148226261
0.033811479806900024
0.00286271283403039
0.0003659873327706009
0.00026238607824780047
8.706062362762168e-05
0.009713582694530487
0.002028822433203459
3.5114058846374974e-05
0.0036646274384111166
0.0015046483604237437
0.0013273298973217607
0.00027452193899080157
0.014176781289279461
9.782476263353601e-05
0.0003264420956838876
0.007946888916194439
0.013247312046587467
4.7692079533590004e-05
5.4364230891224e-05
0.00046554248547181487
0.0004719551361631602
0.0033810788299888372
0.0007246498134918511
0.012314305640757084
7.363633631030098e-05
1.6527768821106292e-05
0.024299196898937225
0.0021656244061887264
0.00013332437083590776
0.015213562175631523
7.870040462876204e-06
0.01599842682480812
1.4108785762800835e-05
3.0146679819154087e-06
0.00019688064639922231
0.0004681099089793861
0.00014357073814608157
0.0010959676001220942
0.005694001913070679
0.00025749907945282757
0.040838293731212616
0.003081386676058173
0.0012286327546462417
0.000719039817340672
0.0027305784169584513
0.00013879354810342193
0.0023183422163128853
1.90125938388519e-05
1.436978254787391e-05
0.0023104555439203978
7.798361184541136e-05
9.094695997191593e-06
8.619418076705188e-05
0.00017090342589654028
3.2233306228590664e-06
3.961530092055909e-05
0.0013835617573931813
2.2828480723546818e-05
0.005785586312413216
0.00010627361916704103
5.1389004511293024e-05
0.0027207948733121157
0.0008438764489255846
0.009699673391878605
0.00738696800544858
8.741550118429586e-05
0.0010236399248242378
6.872002995805815e-05
0.0014370490098372102
0.00010814885899890214
7.946400000946596e-05
0.0008243898046202958
0.03463132679462433
4.3179003114346415e-05
8.817282650852576e-05
3.3559012081241235e-05
0.0002585234760772437
0.011851532384753227
4.8020989197539166e-05
0.001824167207814753
4.7002518840599805e-05
0.01203990913927555
8.367996997549199e-06
6.6607144617591985e-06
5.188889190321788e-06
0.003023482859134674
8.057861850829795e-05
4.1518243961036205e-05
0.0002721822529565543
0.017389163374900818
0.0003880126168951392
0.007925828918814659
0.00015332194743677974
0.008360411040484905
0.0001240866695297882
0.002118754433467984
0.001436277525499463
0.0006832131766714156
0.00023665135086048394
0.0020312992855906487
0.0014414594043046236
5.515597422345309e-06
1.368676657875767e-05
0.0017539915861561894
2.1347041183616966e-05
0.00039958528941497207
5.943989435763797e-06
1.563458499731496e-05
0.00021261839719954878
0.00011967891623498872
4.934988282911945e-06
0.00035119574749842286
4.711075234808959e-05
0.0014429416041821241
0.0007218813989311457
2.550341741880402e-05
0.0002743324148468673
7.377491419902071e-05
0.06095839664340019
5.389870057115331e-05
0.0010577694047242403
0.0012064590118825436
0.0028369284700602293
0.0009154831059277058
0.0021976265124976635
0.00025616216589696705
0.00012463935127016157
8.730134140932932e-06
4.225811153446557e-06
5.505789158632979e-05
1.295258516620379e-05
0.00015611780690960586
0.00017086966545321047
0.00011892474867636338
0.0001042840740410611
1.0406780575067387e-06
0.004910515155643225
0.014580382965505123
0.0003102844348177314
0.004538032226264477
0.00032912741880863905
7.712779392932134e-07
0.00011865704436786473
1.6298361515509896e-05
9.887491614790633e-05
0.00035626444150693715
0.013041218742728233
5.5802920542191714e-05
0.0001091452722903341
3.3090620945586124e-06
0.011178361251950264
0.00021548547374550253
0.0008280266192741692
0.0008101979619823396
0.0015205310191959143
0.010807506740093231
7.4609206421882845e-06
0.035749368369579315
5.057471207692288e-05
0.0049398960545659065
7.720194844296202e-06
7.140557727325358e-07
0.0004184289718978107
0.0016602788819000125
0.03053886443376541
0.01093178242444992
0.06376055628061295
0.0033743861131370068
0.0017167627811431885
0.002343476749956608
0.05962976813316345
0.0021342304535210133
0.04821931943297386
0.03881416469812393
0.000659555138554424
0.00013475977175403386
0.010210596024990082
0.0005225089262239635
4.451293352758512e-05
0.00010576771455816925
4.1456500184722245e-05
8.26148025225848e-05
9.851404684013687e-06
0.028179587796330452
0.0004680252750404179
0.010491717606782913
0.00011854695185320452
0.0002962745202239603
0.0001967317657545209
0.0005682632909156382
0.000926373468246311
0.00489870086312294
0.00021657822071574628
5.8248970162821934e-05
0.0014311751583591104
0.0005095039959996939
0.00018454730161465704
0.0026591152418404818
0.02367851324379444
0.034999679774045944
5.4504973377333954e-05
1.6855886997291236e-06
0.0007751708617433906
3.366413147887215e-05
0.005317558068782091
0.00028474623104557395
0.0016622935654595494
0.0009714494808577001
2.9907101634307764e-05
0.07271898537874222
0.0013046282110735774
0.0008850669837556779
0.00046992581337690353
0.00012893168604932725
0.007556344382464886
0.00035105031565763056
2.4100971131701954e-05
0.014221115969121456
0.0001346924836980179
8.509228064212948e-05
0.00010980812658090144
1.925675132952165e-05
7.916911272332072e-05
0.029791977256536484
0.003019173163920641
0.00010859794565476477
0.00427779508754611
0.00010073969315271825
9.422284165339079e-06
0.0023742441553622484
0.0013307619374245405
0.0017630144720897079
0.00011581652506720275
0.00033661420457065105
0.0013024924555793405
1.7438593204133213e-05
4.37940179836005e-05
2.9543298296630383e-05
0.00017722381744533777
0.000606722547672689
0.00036044896114617586
0.0029943680856376886
2.5241533876396716e-05
0.007444291841238737
3.780924453167245e-05
3.576256517590082e-07
0.0004361130704637617
0.0017211183439940214
0.009154019877314568
0.0002815843326970935
5.9551534832280595e-06
0.0013045377563685179
6.321253022179008e-05
2.931174321929575e-06
4.9423026212025434e-05
6.2210542637330946e-06
3.489794107736088e-05
0.00018723102402873337
0.005793924443423748
0.0002867560542654246
0.00034772223443724215
0.0005012466572225094
0.00016037141904234886
0.0018991437973454595
0.0001069271020242013
0.0008661415195092559
0.0002564137685112655
1.0172105248784646e-05
3.085420757997781e-05
0.00010304651368642226
6.455543825722998e-06
7.889457629062235e-05
5.601784141617827e-05
0.0004939940990880132
0.00015429174527525902
1.5713019820395857e-05
0.039933402091264725
0.0010715835960581899
1.081206210074015e-05
6.751044566044584e-05
1.3438231690088287e-05
0.002510317601263523
4.907398033537902e-05
1.8384187569608912e-05
2.2362653453456005e-06
2.776270775939338e-06
1.422606328560505e-05
8.511586202075705e-06
0.010021903552114964
6.499742448795587e-05
9.342841804027557e-05
0.01903838850557804
0.00033378871739842
0.00021536242275033146
5.471359327202663e-05
0.00014813843881711364
1.1966737474722322e-05
0.023375768214464188
2.645627682795748e-05
3.820826896117069e-05
0.0004883978399448097
5.454689744510688e-05
0.0002205546188633889
3.586492675822228e-05
1.1932931556657422e-05
0.00017568714974913746
6.078294973121956e-05
0.004311876837164164
1.6887108358787373e-05
1.0322015441488475e-05
1.753839387674816e-05
0.00017342856153845787
9.417407227374497e-07
0.00039025454316288233
3.2445910619571805e-05
0.0003003185847774148
1.8212813301943243e-05
9.801890701055527e-05
0.05019547417759895
0.00021048786584287882
0.0005150064243935049
3.145160371786915e-05
0.004985370207577944
0.00038506637793034315
0.002077598823234439
5.924955985392444e-05
0.003567079547792673
0.0001486542314523831
1.0153623406949919e-05
2.2893591449246742e-05
0.009151208214461803
1.26595705296495e-06
3.496107819955796e-05
1.3594953088613693e-05
1.2699911167146638e-05
0.05647730827331543
3.173181539750658e-06
5.85432026127819e-05
0.0015543040353804827
3.0060184144531377e-05
3.599842557377997e-06
6.044356723577948e-06
2.5037988962139934e-05
7.859457582526375e-06
0.021492796018719673
9.025677718454972e-05
5.035777576267719e-05
8.596373663749546e-05
3.1673567718826234e-05
7.587282743770629e-05
0.0002144401951227337
5.945888187852688e-05
0.003898338181897998
1.6462650819448754e-05
2.91976539301686e-05
0.00015947521023917943
0.00017481209943071008
1.019216256281652e-06
3.385255695320666e-06
0.00014314470172394067
2.8846541681559756e-05
3.0825851808913285e-06
0.00010913534060819075
6.182317156344652e-05
0.005233174655586481
0.0004404860083013773
0.0003247607091907412
0.0017843252280727029
0.0008748413529247046
0.03960733488202095
0.00018142408225685358
4.314872421673499e-05
0.0002281733904965222
0.00013369115185923874
0.08656610548496246
0.00018246221588924527
4.0516471926821396e-05
0.0006956576835364103
0.00011213413381483406
0.0017774812877178192
1.3393919289228506e-05
0.00775891961529851
2.9149041438358836e-05
0.001058810157701373
0.0018149211537092924
1.5404213627334684e-05
8.014476770767942e-05
0.00011571953655220568
0.03988807275891304
8.763747609918937e-05
1.802814040274825e-05
1.3169121302780695e-05
0.0025676381774246693
0.00036562912282533944
3.7591140426229686e-05
1.2742909802909708e-06
4.390090907691047e-06
8.928689680942625e-07
1.7485241187387146e-05
9.926885104505345e-05
2.4378083253395744e-05
1.8732585886027664e-05
1.156338748842245e-05
4.076622280990705e-05
2.773633059405256e-05
4.90030743094394e-06
7.224679575301707e-05
7.559054665762233e-06
4.6105622459435835e-05
0.0004765136109199375
0.00020847341511398554
1.2158546269347426e-05
1.941984737641178e-05
0.0004732327943202108
0.0007637445814907551
1.1424504918977618e-05
0.00010929663403658196
2.498730282241013e-05
1.598088419996202e-05
0.00013980224321130663
9.381575409861398e-07
5.119031811773311e-06
1.4273893611971289e-05
1.926351387737668e-06
1.5294208424165845e-06
9.50881076278165e-06
1.976301746253739e-06
3.8087771827122197e-05
6.641905656579183e-06
0.00012121260806452483
2.0265572331368276e-08
0.0006415561074391007
6.438396667363122e-05
3.8120185763546033e-06
2.2064928089093883e-06
0.00027911196229979396
1.6402440223828307e-06
0.00013163771654944867
2.472916639817413e-05
4.502609226619825e-05
3.457066100054362e-08
7.475809525203658e-06
1.5110348613234237e-05
3.7988431813573698e-06
1.0227709026366938e-06
4.0531130451881836e-08
8.711840564501472e-06
2.1182140699238516e-06
1.0835750799742527e-05
1.5139142988118692e-06
0.00012784912541974336
2.7011246857000515e-06
1.1223328328924254e-05
1.1086139011240448e-06
2.6712054932431784e-06
6.866333706057048e-07
1.5973995459717116e-07
1.5127287724681082e-06
