2.5280849933624268
1.1961904764175415
1.2091150283813477
0.8509387969970703
0.8815457820892334
0.8586079478263855
0.8517959713935852
0.7510392665863037
0.8311458826065063
0.8835574388504028
0.6221763491630554
0.6710812449455261
0.8135973215103149
0.6397957801818848
0.6982027292251587
0.7570598721504211
0.6888213157653809
0.658669114112854
0.761436939239502
0.6720351576805115
0.7266082763671875
0.6491677165031433
0.6849784255027771
0.7749850749969482
0.6904599070549011
0.750471293926239
0.697356104850769
0.6988346576690674
0.6825675964355469
0.6034305691719055
0.6143678426742554
0.6863707900047302
0.6372619867324829
0.7009842395782471
0.5991412997245789
0.6161926984786987
0.546018123626709
0.5522792935371399
0.5781557559967041
0.5061190128326416
0.49245738983154297
0.5359587669372559
0.5332906246185303
0.6168010234832764
0.5400168895721436
0.5969822406768799
0.53715980052948
0.5226244926452637
0.5184388160705566
0.5613712668418884
0.5849085450172424
0.4500653147697449
0.5378665328025818
0.5614035725593567
0.5023117661476135
0.4629650115966797
0.6180458664894104
0.608597457408905
0.54128098487854
0.6334099769592285
0.13439548015594482
0.011595526710152626
0.04689530283212662
0.14280769228935242
0.12921978533267975
0.07330678403377533
0.18025478720664978
0.12643460929393768
0.16946806013584137
0.16582554578781128
0.12502767145633698
0.08867771178483963
0.04776746779680252
0.22878223657608032
0.008528714068233967
0.0049438015557825565
0.02331032045185566
0.10441804677248001
0.11449361592531204
0.12210332602262497
0.014887659810483456
0.11233436316251755
0.11729543656110764
0.003470680210739374
0.0744006559252739
0.009213456884026527
0.025099098682403564
0.09559962898492813
0.07669775187969208
0.007326324470341206
0.05662715435028076
0.08186773955821991
0.032184138894081116
0.004396653268486261
0.0479382760822773
0.012605403549969196
0.03295772895216942
0.01176739577203989
0.08440902084112167
0.016753703355789185
0.03197275847196579
0.01147339679300785
0.030072107911109924
0.05452679470181465
0.025252889841794968
0.09696736186742783
0.03235846385359764
0.024644067510962486
0.03443308174610138
0.07844159752130508
0.08025309443473816
0.0749194398522377
0.04933658614754677
0.02617713250219822
0.03423861786723137
0.010676280595362186
0.0029316607397049665
0.04246418923139572
0.008369866758584976
0.06017248332500458
0.028969356790184975
0.032257791608572006
0.0062016029842197895
0.01414119265973568
0.05518088489770889
0.06842328608036041
0.04622679203748703
0.04112590476870537
0.009452455677092075
0.012381371110677719
0.004291403107345104
0.04387833923101425
0.08285799622535706
0.019276196137070656
0.06265099346637726
0.10490477830171585
0.009071290493011475
0.010891051031649113
0.026005567982792854
0.005578839685767889
0.08484512567520142
0.021423418074846268
0.010282296687364578
0.00916888564825058
0.08562248200178146
0.017063720151782036
0.05400646850466728
0.012804459780454636
0.03638260066509247
0.15094508230686188
0.030144166201353073
0.08494815230369568
0.02926679700613022
0.003580000950023532
0.0023033940233290195
0.040442127734422684
0.0014963436406105757
0.09329186379909515
0.01788594201207161
0.01905137114226818
0.09648352861404419
0.009035501629114151
0.050227127969264984
0.06637219339609146
0.02476939931511879
0.08913687616586685
0.00569394463673234
0.02440633252263069
0.06506438553333282
0.16446435451507568
0.049151524901390076
0.0029637026600539684
0.006764650344848633
0.01638684794306755
0.01907738856971264
0.011460564099252224
0.055243682116270065
0.004162217956036329
0.013588417321443558
0.04888059198856354
0.035851191729307175
0.006246852222830057
0.03537212684750557
0.02895171195268631
0.007525676395744085
0.023373626172542572
0.007400337606668472
0.004217296838760376
0.006544897332787514
0.0008726388332433999
0.026231776922941208
0.04211818054318428
0.028043633326888084
0.004471622873097658
0.04501853138208389
0.04876625910401344
0.016596535220742226
0.039636801928281784
0.009459547698497772
0.0005794069729745388
0.028241770341992378
0.008245626464486122
0.0027351484168320894
0.03841385617852211
0.0038211822975426912
0.04020962864160538
0.034645479172468185
0.02909720502793789
0.002165842102840543
0.015450423583388329
0.10051883012056351
0.0061540137976408005
0.03258763253688812
0.02287984825670719
0.011735673062503338
0.032649438828229904
0.0039147199131548405
0.019742034375667572
0.01660095527768135
0.013544316403567791
0.013395078480243683
0.0014027062570676208
0.0004035109595861286
0.045880671590566635
0.014379305765032768
0.0017014633631333709
0.004720015916973352
0.046786535531282425
0.02806265652179718
0.036060184240341187
0.003243081271648407
0.09389659762382507
0.006164966616779566
0.015301581472158432
0.003737392835319042
0.012449872680008411
0.0163770392537117
0.03615184500813484
0.01920827105641365
0.04347856342792511
0.0020786765962839127
0.020007029175758362
0.007103813346475363
0.0007900649216026068
0.04792812466621399
0.0013433783315122128
0.03210032731294632
0.04703603312373161
0.01910882256925106
0.06061970070004463
0.0031787799671292305
0.009892784059047699
0.00895591638982296
0.023518025875091553
0.012335550971329212
0.04925879091024399
0.0608389675617218
0.014602022245526314
0.011838228441774845
0.023581113666296005
0.02022096887230873
0.012058096006512642
0.02508215606212616
0.006165930535644293
0.013651149347424507
0.003264031372964382
0.0055336845107376575
0.05247751250863075
0.011404036544263363
0.002403716091066599
0.03859978914260864
0.07270994782447815
0.0011183642782270908
0.011455006897449493
0.010587267577648163
0.004404779523611069
0.025323567911982536
0.04644317924976349
0.10925193876028061
0.038508377969264984
0.017608098685741425
0.007889673113822937
0.0073526655323803425
0.019490597769618034
0.0013098398922011256
0.03982667624950409
0.008389066904783249
0.003971159923821688
0.004576309118419886
0.05673408880829811
0.009361297823488712
0.01006362959742546
0.10778123140335083
0.010333132930099964
0.0003109254175797105
0.017910845577716827
0.012642180547118187
0.00841698981821537
0.0033622481860220432
0.0023021050728857517
0.0005507201422005892
0.00012128716480219737
0.00012332196638453752
0.008496364578604698
0.015595798380672932
0.03755074739456177
0.025257296860218048
0.005443615838885307
0.004886974580585957
0.013169887475669384
0.0005842761020176113
0.0012071685632690787
0.015346319414675236
0.005924620665609837
0.0001459154736949131
0.0443195141851902
0.055012017488479614
0.0029500252567231655
0.003626026911661029
0.017844604328274727
0.016447605565190315
0.00031470332760363817
0.0010536548215895891
0.021054888144135475
0.0007064819801598787
0.017733711749315262
0.0011015263153240085
0.007045724429190159
0.009012343361973763
0.013789900578558445
0.016236821189522743
0.0047324118204414845
0.0012959898449480534
0.0029313305858522654
0.009024521335959435
0.01127347070723772
0.0019682010170072317
0.006634624674916267
0.00028164125978946686
0.031431593000888824
0.008380342274904251
0.001177044352516532
0.0006049972143955529
0.09879395365715027
0.07471564412117004
0.007895144633948803
0.004621355328708887
0.0017379357013851404
0.012360027059912682
0.016117896884679794
0.02410045638680458
0.032618798315525055
0.000791174010373652
0.009863253682851791
0.001744410372339189
0.031337443739175797
0.0003101227630395442
0.012892613187432289
0.004759309813380241
0.04887766018509865
0.0027164185885339975
0.0009664323879405856
0.0011579942656680942
0.0006000478751957417
0.01508251577615738
0.0026282649487257004
0.005943046882748604
0.08866751939058304
0.00959381740540266
0.005472654011100531
0.0014271051622927189
0.014775741845369339
0.003019005758687854
0.011986670084297657
0.0009893039241433144
0.0421665757894516
0.00021097228454891592
0.05078922212123871
0.0009491472155787051
0.04525982216000557
0.005784919485449791
0.0019168577855452895
0.05372802913188934
0.0005181439337320626
0.025126241147518158
0.06449804455041885
0.0006453780806623399
0.006124739535152912
0.005066439043730497
0.0067323376424610615
0.0019178022630512714
0.0006738030351698399
0.00043819521670229733
0.0004076089826412499
0.004243464674800634
0.012564285658299923
0.0007164673297666013
0.015170992352068424
0.009766298346221447
0.00020002554811071604
0.0013859729515388608
0.01039089448750019
0.07207372784614563
0.0004670459311455488
0.003199319588020444
0.020971806719899178
0.001897166483104229
0.0035462738014757633
0.012372736819088459
0.049047913402318954
0.038604483008384705
0.0002065964654320851
0.012819179333746433
9.000271529657766e-05
0.020857520401477814
0.008137467317283154
0.0018438977422192693
0.00011025506682926789
0.002486353274434805
0.0046812440268695354
0.012752639129757881
0.013267307542264462
0.0004000119515694678
8.35409082355909e-05
0.0020332904532551765
0.0006183579098433256
0.0007422021008096635
0.0030969155486673117
7.365683268290013e-05
0.0012042007874697447
0.015224515460431576
0.010114849545061588
0.008088713511824608
0.00026512829936109483
0.005489069037139416
0.0009099210146814585
0.001514044706709683
0.0002903661224991083
0.0003811451024375856
0.00014710845425724983
0.0006580397603102028
0.0010343908797949553
0.03858189657330513
0.005055020563304424
0.00021083126193843782
0.0005489701870828867
0.17138567566871643
0.0015986280050128698
0.017861338332295418
0.0027074108365923166
0.0002968531916849315
0.0007986940327100456
0.04242411628365517
0.016673102974891663
0.0109138498082757
0.03649955615401268
0.020515091717243195
0.030643559992313385
0.005011579487472773
0.0008355547324754298
0.01633719727396965
0.0021315915510058403
0.006156957242637873
0.0029660037253051996
0.0008589233621023595
0.01580706238746643
0.00030685312231071293
0.008229834027588367
0.009745171293616295
0.002150939544662833
0.0001495266769779846
0.0032958174124360085
0.002408501459285617
0.0016196419019252062
0.07271208614110947
0.013529795221984386
0.016013020649552345
0.00045628269435837865
0.001086025731638074
0.015839820727705956
0.00513102114200592
0.007681109476834536
0.009033389389514923
0.0052846865728497505
0.004465724341571331
0.00016064487863332033
0.021756140515208244
0.032558925449848175
0.019285812973976135
0.0025348044000566006
0.0003411023353692144
0.010749933309853077
5.7333345466759056e-05
0.0003323570708744228
0.03373090550303459
9.622974903322756e-05
0.000135904221679084
0.0013509920099750161
0.0011403285898268223
0.00027066399343311787
0.007154069375246763
0.0059587182477116585
0.009068128652870655
0.0006616964237764478
0.008758731186389923
0.038374342024326324
0.005962833296507597
0.0005000096280127764
0.0017442511161789298
0.025364447385072708
0.0015236829640343785
0.007849070243537426
0.02238175831735134
0.016515862196683884
0.017332695424556732
0.0032169315963983536
0.0001287426275666803
0.00026407276163809
0.03525892645120621
0.029369667172431946
0.04899272322654724
0.010677609592676163
0.0006450233049690723
0.0008645401685498655
0.00012774924107361585
0.0029809079132974148
0.0007478984189219773
0.0024034336674958467
0.010160275734961033
0.0022978235501796007
0.01890578120946884
0.00035863820812664926
0.00012610047997441143
0.0008635366684757173
0.00036179140442982316
0.0008417532662861049
0.022342810407280922
0.004845948424190283
0.0009884255705401301
2.1362688130466267e-05
0.04845259711146355
0.0005116623360663652
0.0006779462564736605
4.58869180874899e-05
0.0005801014485768974
0.000774019630625844
0.003979409113526344
0.004482486750930548
1.6391371900681406e-05
5.009190135751851e-05
0.006211357191205025
0.0012191791320219636
0.0005215055425651371
1.5265672118403018e-05
0.0007042022189125419
0.0008912223856896162
0.01546274684369564
0.0014969408512115479
0.0022470431867986917
0.0007350298692472279
1.1831675692519639e-05
7.597878720844164e-05
0.02676899917423725
0.0005478996899910271
0.0003298481460660696
0.023209458217024803
0.00026934195193462074
0.00011473652557469904
0.0001033584339893423
0.00036694438313134015
0.0027145985513925552
0.0005932553904131055
0.047942422330379486
0.0006622344953939319
0.00031891543767414987
3.381803981028497e-05
0.00025695341173559427
0.0006412764778360724
0.0002725983504205942
0.00015228362462949008
0.007686807308346033
0.00048407481517642736
0.00015897363482508808
0.004348289221525192
0.00788842048496008
4.6256944187916815e-05
0.0007504131644964218
0.004192936234176159
4.981269012205303e-05
0.00012014101230306551
1.1410389561206102e-05
0.019119638949632645
0.02933393232524395
0.0013567747082561255
0.00012078195868525654
0.00019616575445979834
0.00029246252961456776
0.00018797782831825316
0.0031151215080171824
0.0018334052292630076
0.0001346681674476713
0.01481280941516161
0.00010497412586119026
0.0004805329372175038
0.00013354963448364288
0.0001505462423665449
0.0005003066617064178
0.000946056330576539
0.00489538349211216
0.011748170480132103
5.688089004252106e-05
0.0004263774026185274
2.733345354499761e-05
0.006504884455353022
4.4733620597980917e-05
0.0016284307930618525
1.6449903341708705e-05
0.00011236331192776561
0.00023972523922566324
0.0018443433800712228
0.0012716889614239335
0.00663348101079464
8.053764759097248e-05
0.008909606374800205
0.0008053109631873667
0.036635078489780426
0.0004615148063749075
9.552254050504416e-05
0.00027617759769782424
0.025693943724036217
0.0011672121472656727
0.0018220400670543313
0.00024229407426901162
2.6400266506243497e-05
2.1371617549448274e-05
0.003937202040106058
9.846073226071894e-05
0.001414495287463069
0.00534800486639142
0.00010065244714496657
0.00012906943447887897
0.0011334570590406656
1.9671226255013607e-05
0.0006005301838740706
0.01132830698043108
0.00021242631191853434
0.0710645318031311
0.0015636822208762169
0.07704681158065796
0.00021506338089238852
0.0027004731819033623
0.0002670538378879428
0.002329784445464611
0.0028997028712183237
6.522156036226079e-05
0.0013650608016178012
0.00023232527018990368
0.01895839534699917
0.001039296155795455
0.002690036315470934
0.000928359164390713
0.0013965776888653636
0.0011452669277787209
0.00010103516979143023
0.004060951992869377
9.8754708233173e-06
6.524060881929472e-05
0.0001902193034766242
0.0014333127764984965
0.0009278120705857873
0.004020223394036293
8.685923967277631e-05
5.219392915023491e-05
0.00025726997409947217
0.0012468991335481405
0.0011183266760781407
6.410725472960621e-05
0.0005263165221549571
0.00011033482587663457
6.133858278190019e-06
0.0006376230739988387
1.0482716788828839e-05
0.010170788504183292
0.00015561348118353635
0.0008764410158619285
0.00010609434684738517
2.1791691324324347e-05
5.525816050067078e-06
2.7269685233477503e-05
8.815636101644486e-05
0.004370381124317646
0.0042352331802248955
9.353814675705507e-06
0.00023555735242553055
2.711151319090277e-05
6.20121427346021e-05
6.317800580291077e-05
8.618779929747689e-07
3.908714006684022e-06
0.0087971780449152
0.023987872526049614
0.000284600566374138
3.616649792093085e-06
0.00012755682109855115
6.840947207820136e-06
3.5907727578887716e-05
1.0087745067721698e-05
8.966012683231384e-05
3.1552906875731423e-05
0.0005238449666649103
2.7988196961814538e-05
0.00011407471174607053
0.0006904728943482041
0.0003601529460866004
2.443328412482515e-05
0.00045676689478568733
0.0027375586796551943
8.001315291039646e-05
2.6450363748153904e-06
3.5677388950716704e-05
3.6961209843866527e-06
5.557459007832222e-05
0.000106285500805825
0.025344118475914
2.647138353495393e-05
0.0011469281744211912
0.00013606609718408436
5.458982559503056e-05
1.0319056855223607e-05
3.30083494191058e-05
0.00025946946698240936
1.3160394018996158e-06
1.4076530533202458e-05
2.123275953636039e-05
3.291969551355578e-05
0.001661492045968771
0.007606142200529575
6.572249549208209e-05
0.0007736522820778191
1.971820165636018e-05
4.078725032741204e-05
6.770270374545362e-06
4.780254698744102e-07
1.3232192941359244e-07
1.7826492694439366e-05
4.059001730638556e-05
5.090194576951035e-07
7.356989499385236e-06
0.00011833250755444169
0.0001593429478816688
4.5656867087018327e-07
0.001289599807932973
5.3393478083307855e-06
9.500076703261584e-05
0.00022204610286280513
0.0006616138853132725
6.5862545852724e-06
2.0037782633153256e-06
0.0007475028396584094
3.0897376745997462e-06
7.256029493873939e-05
4.173719207756221e-05
1.562490069773048e-05
2.2944937882130034e-05
1.5052015442051925e-05
7.878349606471602e-06
0.0010410085087642074
0.00029372802237048745
7.443448703270406e-05
0.00011269791139056906
2.06231391075562e-07
7.574375922558829e-05
0.0029628893826156855
0.0008754472364671528
3.508114241412841e-05
1.6414927813457325e-05
1.4530716725857928e-05
4.6610352910647634e-07
8.696124132256955e-05
1.1360291409800993e-06
0.00014260754687711596
1.857316237874329e-05
6.16293675648194e-07
6.194809247972444e-05
2.0050492821610533e-06
1.4757313692825846e-05
1.8679570530366618e-06
2.5747053769009653e-06
6.961681151551602e-07
5.4955029327175e-07
2.0859547475993168e-06
2.093604052788578e-05
1.0275601880493923e-06
3.0313867682707496e-05
9.40747486311011e-06
8.225433134612103e-08
4.529893260496465e-07
0.00020212234812788665
6.354515335260658e-06
0.00010202373960055411
1.4065911955185584e-06
1.459507257095538e-05
2.7219850380788557e-05
6.048865088814637e-06
0.00020098002278245986
6.98548660693632e-07
9.999036592489574e-06
3.4424323530402035e-05
0.00018606014782562852
1.8214779629488476e-05
3.6716133422487474e-07
1.4543485349349794e-07
0.00011970914056291804
5.53851350559853e-05
1.959699375220225e-06
1.3067311556369532e-05
1.1389857718313579e-05
1.2874566834852885e-07
4.148841071582865e-06
1.907348234908568e-08
2.0870913431281224e-05
4.1126855876427726e-07
1.4185154668666655e-06
3.695485162324985e-08
1.1431585562604596e-06
4.621914922608994e-05
2.7418108672350172e-08
1.449264891562052e-05
0.0016602585092186928
1.1137614819745068e-05
1.5258290204656078e-06
7.152466992010886e-07
5.924620722908003e-07
7.5473958531802054e-06
8.821476171760878e-08
1.8596550432903314e-07
1.721498483675532e-05
3.191115183653892e-06
7.561092206742615e-05
7.393930718535557e-05
2.045099245151505e-05
4.386348791740602e-06
0.0005834568873979151
1.4400069403563975e-06
0.0005514682270586491
2.741783760029648e-07
6.085344921302749e-06
2.9212113076937385e-05
5.170742952032015e-06
8.36319122754503e-06
0.00042282461072318256
7.609103249706095e-06
1.5540515960310586e-05
2.1099938862789713e-07
2.5033937589569177e-08
0.0001117383289965801
0.00031437556026503444
1.9024062112293905e-06
9.53674206272126e-09
5.8963432820746675e-06
2.197246067225933e-05
7.009290357018472e-07
3.147085863020038e-07
8.332436323144066e-07
2.8913738788105547e-05
1.204011113031811e-07
1.125312905969622e-06
3.6477393905443023e-07
2.2529579837282654e-06
4.2338479033787735e-06
1.0382915434092865e-06
3.957695184908516e-07
3.7669434505005484e-07
5.570068424276542e-06
0.0003564732614904642
2.3729331587674096e-05
3.2186495246833147e-08
5.9471385611686856e-06
4.19608625179535e-07
4.081430233782157e-05
2.0384673860007752e-07
5.664718264597468e-05
1.896564526759903e-06
1.2730769185509416e-06
1.653564140724484e-05
2.40801085737985e-07
8.344649415903405e-09
1.0722303159127478e-05
1.8345665012020618e-05
8.65428830820747e-07
7.377354631898925e-05
1.0013553719545598e-07
3.5523737551557133e-07
9.79881406237837e-07
2.696939009183552e-05
3.308713985461509e-06
3.1587810553901363e-06
4.0649993593433464e-07
3.8128209780552424e-06
1.2938890904479194e-05
8.749686344344809e-07
7.038835519779241e-06
6.1243381423992105e-06
9.65436629485339e-06
1.8224904124508612e-05
8.926630471250974e-06
6.019990337335912e-07
1.1920922027286451e-08
7.692570943618193e-05
1.3649067795995506e-06
1.0795756679726765e-05
3.631146682891995e-05
1.5258702035225724e-07
1.647394697101845e-06
2.0265464684143808e-07
1.2755324974023097e-07
1.126179085986223e-05
9.250430821339251e-07
4.087938941665925e-05
3.2305507602359285e-07
5.814099949930096e-06
6.209400453371927e-06
2.8133291607446154e-07
1.5497106176098896e-07
1.6087127733044326e-05
3.695467114539497e-07
1.1387697668396868e-05
7.660387927899137e-05
7.154857030400308e-06
4.480332336243009e-06
1.236162347595382e-06
1.5854767809742043e-07
2.453104571031872e-06
5.352362677513156e-07
0.00017284270143136382
6.8350059336808044e-06
1.8071234535455005e-06
6.539683454320766e-06
3.5340754038770683e-06
4.136482232297567e-07
1.1181480203958927e-06
4.195866495138034e-06
2.064494992737309e-06
2.145766231365087e-08
1.3613176861326792e-06
4.375883509055711e-05
2.117023541359231e-06
2.721178816500469e-06
9.010107896756381e-05
7.593405939587683e-07
1.5854188859520946e-06
1.2015578931823256e-06
3.4135798614443047e-06
2.655730440892512e-06
2.7090251023764722e-05
9.834406000663876e-07
2.9047212137811584e-06
7.152547709665669e-08
8.487581339977623e-07
6.095858225307893e-06
7.772163144181832e-07
1.578278556735313e-06
7.819947427378793e-07
8.995506505016237e-06
1.0680662398954155e-06
1.1632626410573721e-05
2.6821925303011085e-07
1.5055238691275008e-06
8.417468961852137e-06
1.0931225915555842e-06
7.170592652983032e-06
6.6831162257585675e-06
2.5987364438151417e-07
0.0
2.7298693794364226e-07
2.4518587906641187e-06
1.517419150331989e-06
1.4185832242219476e-07
3.056116156585631e-06
8.106216142778067e-08
1.0943170991595252e-06
2.813075298035983e-06
2.8308368200669065e-06
2.60676961261197e-06
0.00022749813797418028
3.671611921163276e-07
1.1562848385437974e-06
4.881101631326601e-06
2.098071973932747e-07
5.534669071494136e-06
3.4576701182231773e-06
7.450446446455317e-07
1.300700387218967e-05
1.0490367685633828e-07
2.062310215933394e-07
7.056942763483676e-07
4.4464113102549163e-07
3.898098555055185e-07
7.136304247978842e-06
1.7503523849882185e-05
8.392188419747981e-07
6.675711006209895e-08
3.19774953823071e-05
2.4984556148410775e-06
4.449420430319151e-06
1.1427135177655146e-05
1.626456287340261e-05
3.600068794185063e-07
3.4124045669159386e-06
4.458376565708022e-07
1.4028283658262808e-05
2.9086885433571297e-07
7.408935289276997e-06
1.978864219154275e-07
6.556507514687837e-08
7.736385327916651e-07
7.069006642268505e-07
3.4689691119638155e-07
4.362525487522362e-06
1.7785300769901369e-06
1.7868884469862678e-06
1.3894279618398286e-05
1.3265013876662124e-05
4.7026787797221914e-05
5.704637260350864e-06
8.868793770488992e-07
2.2649750519576628e-08
9.53673851000758e-09
2.429426422168035e-05
1.6390280279665603e-06
1.19209286886246e-09
8.749819357944943e-07
1.1860282029374503e-05
1.4424277594571322e-07
2.815460220517707e-06
1.3709016855045775e-07
1.9585120298870606e-06
3.617351467255503e-06
3.909991903583432e-07
9.98937707663572e-07
2.8856707103841472e-06
3.905748599208891e-06
1.1157378594361944e-06
8.344648527724985e-09
6.714520168316085e-06
2.07686625799397e-05
8.991554750537034e-06
8.225423897556539e-08
2.6234611141262576e-06
1.6920566849876195e-05
8.752107532927766e-06
1.140556105383439e-05
1.6808030522952322e-06
3.719291612469533e-07
7.545664857389056e-07
3.755022532914154e-07
9.536721989888974e-08
3.314007415156084e-07
4.792422714672284e-06
2.0265574107725115e-08
8.569195415475406e-06
5.559690634981962e-06
1.161512773251161e-05
8.535158144695743e-07
2.4327671326318523e-06
1.0652083801687695e-05
8.630424872535514e-07
5.745808948631748e-07
3.528537035890622e-07
5.226032953942195e-06
8.920130312617403e-06
3.6535780964186415e-05
9.319459422840737e-06
3.9576926269546675e-07
1.018027433019597e-06
1.0251979176700843e-07
3.457045352206478e-07
1.8809494122251635e-06
4.780238214152632e-07
2.6226027571851773e-08
1.7425196347176097e-05
4.194576376903569e-06
2.2649703623756068e-07
1.0072823215523385e-06
6.818587507950724e-07
1.1289981557638384e-05
5.717801286664326e-06
4.446476395969512e-07
6.234487273104605e-07
2.3364755463717302e-07
4.911354949399538e-07
5.158456133358413e-06
9.289163244829979e-06
1.8358093711867696e-07
2.980229574234272e-08
1.9073475243658322e-08
3.373600065970095e-07
7.748575825416992e-08
3.70737211596861e-07
2.205356395279523e-07
5.9720118770201225e-06
8.106199089752408e-08
1.2385883565002587e-05
1.1022440958186053e-05
1.610536673979368e-05
7.366914474005171e-07
1.4305108209100581e-08
4.682642156694783e-06
2.3722513731172512e-07
7.271744095760369e-08
2.6164591417909833e-06
3.623920292739058e-07
2.54484916695219e-06
2.7724513529392425e-06
1.593521301401779e-05
1.083554707292933e-06
2.5294459646829637e-06
1.2957348189956974e-06
1.2983505257579964e-05
9.894351649109012e-08
2.7265597964287736e-05
9.284514817409217e-06
7.021233159321127e-07
7.652950557712757e-07
1.1422492207202595e-05
2.807232931445469e-06
6.766072601749329e-06
6.103421696934674e-07
9.69136863204767e-07
7.772219419166504e-07
1.9357767087058164e-06
4.852175607084064e-06
5.0067818335719494e-08
1.3113020003174825e-08
5.972221970296232e-07
7.15255632499634e-09
6.92848043399863e-05
5.1259888778076856e-08
5.544220130104804e-06
1.7498866782261757e-06
3.0874983281137247e-07
8.725847351342964e-07
2.142070343325031e-06
2.660087739059236e-05
1.3720243714487879e-06
5.3056592150824144e-06
7.19653871783521e-06
2.8678091439360287e-06
1.0465697414474562e-05
6.496704827441135e-07
5.053625955042662e-06
3.0072901608946268e-06
3.491364168439759e-06
1.8368477867625188e-06
1.752364795493122e-07
8.117384822980966e-06
5.5162709031719714e-06
4.869769782089861e-06
1.4305105544565322e-08
2.4006387775443727e-06
8.22717174742138e-06
3.772266836676863e-06
2.431846439776564e-07
1.461474994357559e-06
4.089526100869989e-06
9.53674117454284e-09
3.933902092967401e-08
3.218645616698268e-08
2.486538505763747e-06
5.006782544114685e-08
7.545726816715614e-07
1.5555626760033192e-06
3.3974353641497146e-07
3.600068225750874e-07
1.0609372793624061e-06
2.9004417228861712e-05
8.018620064831339e-06
4.424260168889305e-06
4.613365547356807e-07
1.9048228523388389e-06
1.2862418543591048e-06
2.229199509429236e-07
2.0384706544973596e-07
1.5353040225818404e-06
1.6927606338867918e-07
2.6878237804339733e-06
6.878166232127114e-07
1.0728834709539115e-08
6.675713137838102e-08
1.224821880896343e-05
4.935170068165462e-07
1.4518914213113021e-06
1.0549558737693587e-06
1.4185850716330606e-07
7.903269079179154e-07
7.930428182589822e-06
1.8523410290072206e-06
3.862845915136859e-06
1.5687348877690965e-06
5.960460214282648e-08
5.078267122371471e-07
5.710067512154637e-07
7.068888407957274e-07
1.4382209883478936e-05
2.7894881782231096e-07
7.152548420208404e-08
4.887577276235788e-08
3.433173958455882e-07
3.273171614637249e-06
4.076885034010047e-07
5.596959454123862e-06
1.19209286886246e-09
3.9338996060678255e-08
2.9118718885001726e-06
7.390961798137141e-08
1.5245719851009198e-06
3.1351655138678325e-07
4.8875762104216847e-08
5.891972250537947e-06
5.602828778705771e-08
3.576278384542775e-09
3.055180513911182e-06
2.2517531306220917e-06
1.9073475243658322e-08
3.7073573366797063e-07
1.0013154678745195e-06
4.1245601778427954e-07
1.4731248484167736e-05
4.410738085880439e-08
4.958133104082663e-06
6.015961844241247e-06
1.072792201739503e-05
2.205362079621409e-07
1.1324846127536148e-07
8.702266995896935e-08
6.650574050581781e-06
1.467412857891759e-06
5.963013336440781e-06
8.344649415903405e-09
5.841246064619554e-08
9.53674117454284e-09
8.811470252112485e-06
6.769026640540687e-06
4.923224423691863e-07
1.668929527909313e-08
1.5020330579318397e-07
1.0966659829136916e-06
3.587580522435019e-06
4.792165668732196e-07
1.2874576782451186e-07
1.850000899139559e-06
4.291525357302817e-08
1.771401343830803e-06
2.088716792059131e-05
9.655910560013581e-08
1.6689289950022612e-08
6.07966299526197e-08
8.583038635379125e-08
6.520633064610593e-07
6.246412453947414e-07
1.0406463388790144e-06
2.915448021667544e-06
3.421286294269521e-07
5.602714736596681e-07
2.321927240700461e-06
3.695484807053617e-08
1.021576736093266e-06
2.5221604573744116e-06
2.884677996917162e-06
9.977507033909205e-07
2.366037278989097e-06
7.201570406323299e-05
4.37524658991606e-06
1.3363111293074326e-06
5.960346811662021e-07
4.7683627713013266e-08
1.3162934919819236e-05
7.033336402173518e-08
1.9788636507200863e-07
3.0370107197086327e-05
1.5615229358445504e-06
1.6974573782135849e-06
2.3722449782326294e-07
8.463835854399804e-08
1.7523636586247449e-07
1.7534157450427301e-06
2.267835043312516e-05
1.3589774994215986e-07
4.887577986778524e-08
6.711268838444084e-07
7.283586569428735e-07
2.1026385184086394e-06
1.0966671197820688e-06
7.911721695563756e-06
1.007307946565561e-05
1.668918798714003e-07
1.919086344059906e-06
3.6954844517822494e-08
1.1372296739864396e-06
0.00018685431859921664
4.875552122030058e-07
1.2745427738991566e-05
4.410215296957176e-06
1.85965760124418e-07
1.5551871911156923e-05
2.381098056503106e-05
2.419676093268208e-06
1.0198147720075212e-05
3.5166326028956973e-07
4.00475482820184e-06
6.55635517432529e-07
9.179083804156107e-08
7.176172971412598e-07
5.3597545957018156e-06
6.864055649202783e-06
2.0512256014626473e-05
5.114018790663977e-07
2.0861497773694282e-07
1.3202923582866788e-05
2.0125698938500136e-05
1.6532981135242153e-06
5.129764304001583e-06
1.0728830268647016e-08
4.310915755922906e-06
2.5449227905482985e-05
2.0013615085190395e-06
1.435555168427527e-05
2.5544829895807197e-06
6.031813200024772e-07
1.4384239875653293e-05
9.059883865347729e-08
5.603235877060797e-06
2.7057610623160144e-06
1.5497198191383177e-08
4.1126520500256447e-07
3.33785834527589e-08
1.3339065390027827e-06
6.940341700101271e-05
4.194232587906299e-06
8.165674785232113e-07
5.960463234089275e-09
2.2802512376074446e-06
4.64489994556061e-06
3.244362005716539e-06
4.1723186683384483e-08
3.93390386932424e-08
2.2094915038906038e-05
1.168221956504567e-06
6.10342738127656e-07
1.7881288272292295e-07
8.999955980470986e-07
2.6226020466424416e-08
1.796350147742487e-06
3.3378547925622115e-08
3.2035703043220565e-05
7.645631740160752e-06
1.1407777265048935e-06
7.724465262981539e-07
8.340390195371583e-06
3.588168056012364e-07
4.76837058727142e-09
2.3792757929186337e-05
1.5258676455687237e-07
9.70927703747293e-06
3.2586792713118484e-06
2.2649663833362865e-07
5.960463234089275e-09
5.960463234089275e-09
1.608094066796184e-06
2.0383984065119876e-06
2.6345009018768906e-07
1.7081407577279606e-06
1.2182456430309685e-06
1.2397734394653526e-07
3.576278384542775e-09
2.244466713818838e-06
1.4202873899193946e-05
5.745724820371834e-07
4.223100404487923e-06
4.472337423067074e-06
3.516643403145281e-07
6.4372805752555e-08
7.189897587522864e-06
2.784346861517406e-06
1.852352284004155e-06
4.856554005527869e-05
9.125977157964371e-06
2.5033827455445135e-07
7.271755464444141e-08
3.82657248110263e-07
4.749434992845636e-06
2.384185515680315e-09
9.775128262390353e-08
1.192092558000013e-08
9.655936139552068e-08
4.73268300993368e-06
2.3841835172788706e-08
2.0384590015964932e-07
7.15255632499634e-09
1.19209286886246e-09
9.77514886812969e-08
5.955212600383675e-06
2.503393048414182e-08
4.662382252718089e-06
6.949725275262608e-07
2.384185515680315e-09
0.0
2.1695930740861513e-07
2.7677437174133956e-05
3.849600034300238e-05
4.496309429669054e-06
1.2635769053304102e-06
1.8082857877743663e-06
3.8311260141199455e-05
5.268922791401565e-07
2.2291962409326516e-07
7.760256721667247e-07
1.3113012897747467e-08
1.4364238722919254e-06
7.951024372232496e-07
1.417301518813474e-06
2.559021049819421e-05
3.891431333613582e-06
2.729860568706499e-07
8.153583621606231e-07
3.57627816249817e-09
1.170606537925778e-06
2.157583139705821e-06
1.4805400496697985e-06
1.4305105544565322e-08
2.7607786705630133e-06
2.980230462412692e-08
2.474668463037233e-06
4.768367034557741e-08
1.0181316611124203e-05
9.536698541978694e-08
1.0915994607785251e-05
1.430507836630568e-07
1.3589035461336607e-06
6.318079925904385e-08
3.236317752453033e-06
3.485103661660105e-06
2.1063547137600835e-06
8.344618152023031e-08
9.441132533538621e-07
5.090152512821078e-07
7.060007192194462e-06
2.6056079605041305e-06
0.0
1.9897383026545867e-05
1.7881387037732566e-08
9.154975373348861e-07
5.300531483953819e-06
1.903623797261389e-06
1.1920922915464871e-08
5.960464122267695e-09
1.4185830821134005e-07
9.741012036101893e-06
2.0265572331368276e-08
7.629383702578707e-08
3.57627816249817e-09
1.5497205296810534e-08
1.4066637277210248e-07
2.8967707521587727e-07
0.0
3.1828648161535966e-07
5.793444302071293e-07
3.3309206628473476e-05
3.313963645723561e-07
1.1920858611347285e-07
2.95634862368388e-07
5.865042567165801e-07
4.5827205212845e-06
7.78407638790668e-07
2.38418573772492e-09
3.314960122224875e-05
1.0918976158791338e-06
4.206018274999224e-06
6.115350856816804e-07
3.8393600334529765e-06
1.8058814248433919e-06
1.4305045681339834e-07
8.344647639546565e-09
5.306064849719405e-06
3.5404644904701854e-07
2.193330828959006e-06
5.828836037835572e-06
5.722030138599621e-08
7.092829150678881e-07
4.76837058727142e-09
6.007969659549417e-07
9.39506571739912e-06
2.789466861941037e-07
4.053108071389033e-08
1.9550135732515628e-07
6.902136533426528e-07
2.327910351596074e-06
5.602828778705771e-08
2.729881032337289e-07
3.457067165868466e-08
1.9550188312678074e-07
2.8371431426421623e-07
1.902400799735915e-05
1.19209286886246e-09
1.9192574995940959e-07
2.431851271467167e-07
1.0848005160823959e-07
4.731553417514078e-06
3.6852843550150283e-06
3.445099423515785e-07
5.006783965200157e-08
2.3601935481565306e-06
8.475453228129481e-07
1.192092469182171e-08
1.2993756115520227e-07
3.761558673431864e-06
4.0053936345429975e-07
1.0728831156825436e-08
2.38418573772492e-09
0.0
3.2186495246833147e-08
2.753701551228005e-07
3.313984393571445e-07
1.19209286886246e-09
2.7656216161631164e-07
4.3153431761311367e-07
1.990777320770576e-07
7.421221653203247e-06
4.76837147544984e-09
3.206681071787898e-07
3.183573653586791e-06
1.1324851811878034e-07
4.732512763894192e-07
8.928441275202204e-07
3.503529660520144e-05
5.602828423434403e-08
1.323219862570113e-07
1.4256679605750833e-06
8.344646751368145e-09
9.775126130762146e-08
0.0
2.038400225501391e-06
4.8875712366225343e-08
1.0835752846105606e-06
1.6689286397308933e-08
1.9311721644044155e-07
1.1467278682175674e-06
3.576278384542775e-09
6.437282706883707e-08
1.1324848969707091e-07
2.2887934392201714e-07
6.437293365024743e-08
2.3007231675364892e-07
1.6032977327995468e-06
4.529949038101222e-08
3.814690074932514e-08
1.7881383485018887e-08
1.0728832933182275e-08
1.0013094424721203e-06
1.2159274831446965e-07
9.84622715805017e-07
1.5497203520453695e-08
9.667531912782579e-07
1.1812951470346889e-06
3.2663126603438286e-07
1.0728833821360695e-08
2.980230462412692e-08
2.38418573772492e-09
6.711398441439087e-07
4.768364192386798e-08
1.609316626627333e-07
1.19209286886246e-09
0.0
1.4305109097279e-08
2.3841840501859224e-08
4.010591965197818e-06
1.19209286886246e-09
1.907348234908568e-08
1.0382606205894263e-06
4.899447390016576e-07
9.417489366114751e-08
4.387236458569532e-06
1.3828196188114816e-07
4.053111268831344e-08
1.1550714589247946e-06
1.012035681924317e-06
9.61985278991051e-07
1.5389107375085587e-06
1.0967230679170825e-07
2.384185515680315e-09
6.5377030296076555e-06
3.5762738548328343e-08
6.2220556173997466e-06
9.536698541978694e-08
9.46505167576106e-07
1.1324256092848373e-06
1.083573465621157e-06
2.0265567002297757e-08
0.0
6.317994802884641e-07
1.5497198191383177e-08
1.7881379932305208e-08
1.5281464129657252e-06
9.53674117454284e-09
3.254379521422379e-07
1.3898845736548537e-06
3.790831897276803e-07
3.9100333992792e-07
0.0
1.19209286886246e-09
3.814690430203882e-08
4.839833422920492e-07
4.696771327417082e-07
4.720587583051383e-07
8.821448460594183e-08
7.03332432294701e-08
1.5497205296810534e-08
3.8623446130259254e-07
3.576272789018731e-08
2.0623116370188654e-07
1.0168041626457125e-06
3.838475777229178e-07
1.19209286886246e-09
0.0
2.1457660537294032e-08
1.19209286886246e-09
3.99320242649992e-06
1.8238927168567898e-07
3.719275696312252e-07
1.6689286397308933e-08
2.98022992950564e-08
4.875544732385606e-07
0.0
3.576278384542775e-09
5.125990298893157e-08
0.0
2.384185515680315e-09
4.410738085880439e-08
0.0
0.0
8.27290477900533e-07
0.0
4.041160366341501e-07
9.894353070194484e-08
5.960463234089275e-09
3.5762759864610416e-08
3.814690074932514e-08
7.867782869652729e-08
2.980229574234272e-08
4.76837058727142e-09
1.4305109097279e-08
1.0728830268647016e-08
1.63315405643516e-07
1.4185870611527207e-07
1.430510998545742e-08
3.516628623856377e-07
2.026556167322724e-08
4.76837103136063e-09
2.7418098014209136e-08
1.7081255236917059e-06
8.702239995272976e-08
4.5299476170157504e-08
5.960462790000065e-09
3.576274920646938e-08
1.19209286886246e-09
4.291529975830599e-08
3.2543621841796266e-07
0.0
2.4914473328863096e-07
8.296657938444696e-07
1.5497194638669498e-08
1.5651135072403122e-06
9.059885996975936e-08
6.389423674590944e-07
1.19209286886246e-09
3.957674152843538e-07
1.19209286886246e-09
1.19209286886246e-09
5.102086788610904e-07
2.4556834432587493e-07
7.85580027695687e-07
1.19209286886246e-09
1.19209286886246e-09
4.5418283889375743e-07
1.800044202582285e-07
3.445112497502123e-07
0.0
1.5497136018893798e-07
2.0265570555011436e-08
9.536739398186e-09
3.933901027153297e-08
1.19209286886246e-09
0.0
9.894354491279955e-08
1.2040081287523208e-07
5.960462790000065e-09
1.0728833821360695e-08
7.15255588090713e-09
1.788137815594837e-08
5.960463234089275e-09
4.529948327558486e-08
1.668929350273629e-08
2.0265570555011436e-08
1.1920922027286451e-08
0.0
6.437291943939272e-08
1.7881379932305208e-08
5.960463234089275e-09
0.0
1.1920922027286451e-08
1.6927577917158487e-07
0.0
0.0
7.15255499272871e-09
1.19209286886246e-09
1.3113016450461146e-08
3.6000918157697015e-07
1.4305104656386902e-08
2.145746833548401e-07
1.370901259178936e-07
4.887569460265695e-08
1.19209286886246e-09
1.3709025381558604e-07
3.576278384542775e-09
0.0
6.675698926983387e-08
7.510173105629292e-08
5.960462790000065e-09
3.528533056851302e-07
0.0
2.384185515680315e-09
7.748573693788785e-08
3.93389889552509e-08
3.814690074932514e-08
1.3113012897747467e-08
2.3126357007186016e-07
0.0
0.0
4.529948327558486e-08
2.5272061066061724e-07
3.57627816249817e-09
2.0980678527848795e-07
8.344647639546565e-09
2.1457649879152996e-08
2.503392870778498e-08
2.0980732529096713e-07
1.19209286886246e-09
5.602828423434403e-08
4.649153595437383e-08
1.1920922027286451e-08
6.556497567089536e-08
1.811972225596037e-07
1.192092469182171e-08
8.344634494505954e-08
0.0
8.463831591143389e-08
2.38418573772492e-09
0.0
8.463842249284426e-08
1.5497194638669498e-08
4.470248313737102e-07
0.0
0.0
2.46761203470669e-07
1.8596476536458795e-07
0.0
8.583048582977426e-08
8.344646751368145e-09
2.38418573772492e-09
3.576272433747363e-08
1.4305104656386902e-08
0.0
8.344648527724985e-09
2.861018799649173e-08
2.2649750519576628e-08
5.960463234089275e-09
7.950962981340126e-07
3.218645616698268e-08
4.76837147544984e-09
6.079655179291876e-08
3.2186473930551074e-08
2.0503790665316046e-07
7.033323612404274e-08
0.0
2.384185515680315e-09
1.0728830268647016e-08
6.675705321868008e-08
0.0
1.0371159930855356e-07
3.7073630210215924e-07
1.263614990421047e-07
5.876850082131568e-07
6.556498277632272e-08
8.344647639546565e-09
1.0728830268647016e-08
1.4305104656386902e-08
3.3378547925622115e-08
3.4689597327997035e-07
1.7881388814089405e-08
1.192092558000013e-08
9.53673851000758e-09
8.94067042622737e-08
0.0
1.3589772152045043e-07
3.4570653895116266e-08
0.0
1.0848008002994902e-07
1.19209286886246e-09
3.695483030696778e-08
0.0
2.8610202207346447e-08
0.0
8.702241416358447e-08
2.5033941142282856e-08
2.0622995577923575e-07
9.53673851000758e-09
5.9604470692420364e-08
2.384185515680315e-09
2.38418573772492e-09
9.417499313713051e-08
0.0
4.291525357302817e-08
1.1920922027286451e-08
2.98022992950564e-08
4.7683627713013266e-08
0.0
0.0
1.7881381708662047e-08
1.1920922027286451e-08
0.0
0.0
0.0
0.0
4.76837058727142e-09
1.0728833821360695e-08
1.19209286886246e-09
1.19209286886246e-09
4.410738085880439e-08
0.0
1.0728831156825436e-08
0.0
1.9073475243658322e-08
1.668929527909313e-08
5.137791845299944e-07
9.775124709676675e-08
4.053111624102712e-08
4.76837103136063e-09
0.0
4.053108071389033e-08
2.1457660537294032e-08
3.57627816249817e-09
3.576278384542775e-09
1.0728833821360695e-08
2.38418573772492e-09
1.5497199967740016e-08
0.0
4.76837058727142e-09
1.19209286886246e-09
0.0
1.19209286886246e-09
3.5762738548328343e-08
0.0
1.19209286886246e-09
1.1444042513630848e-07
0.0
0.0
0.0
1.4185860663928906e-07
0.0
1.19209286886246e-09
0.0
0.0
1.788137815594837e-08
2.503393226049866e-08
0.0
2.384185515680315e-09
2.264973986143559e-08
0.0
7.629371623352199e-08
0.0
9.655909138928109e-08
5.483619247570459e-08
0.0
0.0
1.19209286886246e-09
0.0
1.1920922027286451e-08
0.0
0.0
4.76837103136063e-09
2.026555812051356e-08
0.0
1.5497194638669498e-08
4.76837058727142e-09
7.15255499272871e-09
1.19209286886246e-09
1.19209286886246e-09
4.76837058727142e-09
2.384185515680315e-09
5.1259931410641e-08
4.410737375337703e-08
0.0
3.93389889552509e-08
2.5033919826000783e-08
4.053109137203137e-08
0.0
3.3378547925622115e-08
1.19209286886246e-09
1.907348057272884e-08
4.291526778388288e-08
0.0
0.0
8.344647639546565e-09
0.0
5.722030138599621e-08
1.19209286886246e-09
0.0
3.57627816249817e-09
4.887569104994327e-08
4.76837058727142e-09
1.19209286886246e-09
9.53674117454284e-09
0.0
0.0
0.0
7.15255499272871e-09
3.57627816249817e-09
1.3113012897747467e-08
1.4305108209100581e-08
2.6226018690067576e-08
2.384185515680315e-09
1.5497194638669498e-08
0.0
0.0
0.0
0.0
2.443760536152695e-07
9.53673851000758e-09
1.9073468138230965e-08
6.675698926983387e-08
3.814692561832089e-08
2.38418573772492e-09
9.53674117454284e-09
0.0
1.1920922027286451e-08
0.0
3.576278384542775e-09
1.0728830268647016e-08
0.0
5.960463234089275e-09
0.0
1.19209286886246e-09
6.914125805224103e-08
0.0
0.0
9.53674117454284e-09
1.19209286886246e-09
1.3113014674104306e-08
0.0
4.291530686373335e-08
1.19209286886246e-09
0.0
9.53674117454284e-09
2.264973986143559e-08
2.384185515680315e-09
8.344647639546565e-09
0.0
1.1920922915464871e-08
8.344649415903405e-09
0.0
0.0
5.960462790000065e-09
3.57627816249817e-09
1.0728833821360695e-08
0.0
3.576278384542775e-09
1.19209286886246e-09
0.0
2.38418573772492e-09
5.960462790000065e-09
1.19209286886246e-09
0.0
0.0
0.0
0.0
5.960462790000065e-09
0.0
2.384185515680315e-09
8.344646751368145e-09
1.5497198191383177e-08
0.0
0.0
0.0
2.384185515680315e-09
5.960463234089275e-09
0.0
0.0
0.0
5.960462790000065e-09
0.0
0.0
3.57627816249817e-09
1.3113012897747467e-08
3.576278384542775e-09
1.4305105544565322e-08
2.384185515680315e-09
0.0
1.4305105544565322e-08
1.19209286886246e-09
0.0
0.0
9.53673851000758e-09
0.0
0.0
1.3113012897747467e-08
3.57627816249817e-09
0.0
4.76837103136063e-09
0.0
1.788137815594837e-08
8.225407555073616e-08
0.0
0.0
2.384185515680315e-09
0.0
3.57627816249817e-09
1.1920922027286451e-08
1.4305104656386902e-08
1.19209286886246e-09
0.0
0.0
0.0
6.318079925904385e-08
1.668929172637945e-08
0.0
4.887569104994327e-08
0.0
1.6689286397308933e-08
3.57627816249817e-09
7.15255588090713e-09
1.19209286886246e-09
3.57627816249817e-09
0.0
5.602822028549781e-08
0.0
0.0
1.9073475243658322e-08
0.0
1.19209286886246e-09
7.15255499272871e-09
1.19209286886246e-09
3.57627816249817e-09
0.0
0.0
0.0
3.57627816249817e-09
0.0
0.0
0.0
0.0
5.960462790000065e-09
5.960463234089275e-09
1.19209286886246e-09
1.19209286886246e-09
4.76837103136063e-09
1.9073473467301483e-08
0.0
0.0
1.192092646817855e-08
1.19209286886246e-09
2.384185515680315e-09
0.0
0.0
3.6954844517822494e-08
8.344646751368145e-09
1.5497194638669498e-08
6.794908813390066e-08
4.76837058727142e-09
2.38418573772492e-09
1.19209286886246e-09
2.38418573772492e-09
7.15255632499634e-09
0.0
1.19209286886246e-09
4.76837103136063e-09
2.1457649879152996e-08
2.1457653431866675e-08
0.0
1.19209286886246e-09
0.0
1.19209286886246e-09
2.384185515680315e-09
0.0
1.19209286886246e-09
3.576278384542775e-09
1.0728830268647016e-08
0.0
0.0
1.7881379932305208e-08
3.576278384542775e-09
8.344646751368145e-09
2.384185515680315e-09
0.0
1.19209286886246e-09
1.19209286886246e-09
0.0
0.0
0.0
1.7881379932305208e-08
9.53673851000758e-09
0.0
0.0
0.0
3.57627816249817e-09
7.15255588090713e-09
0.0
0.0
0.0
3.099437506648428e-08
2.384185515680315e-09
0.0
0.0
3.57627816249817e-09
4.76837103136063e-09
0.0
0.0
0.0
0.0
1.19209286886246e-09
1.19209286886246e-09
2.384185515680315e-09
7.15255588090713e-09
0.0
1.19209286886246e-09
5.960464122267695e-09
8.344647639546565e-09
2.384185515680315e-09
1.19209286886246e-09
5.960463234089275e-09
0.0
0.0
8.344648527724985e-09
0.0
0.0
0.0
4.76837058727142e-09
1.19209286886246e-09
2.622600980828338e-08
0.0
0.0
0.0
8.344647639546565e-09
0.0
0.0
0.0
4.76837058727142e-09
5.841237893378093e-08
4.76837103136063e-09
0.0
1.192092646817855e-08
2.38418573772492e-09
0.0
0.0
2.384185515680315e-09
3.57627816249817e-09
7.15255632499634e-09
0.0
2.384185515680315e-09
0.0
0.0
2.384185515680315e-09
0.0
0.0
0.0
3.576278384542775e-09
0.0
1.19209286886246e-09
0.0
0.0
0.0
7.15255499272871e-09
0.0
1.19209286886246e-09
0.0
0.0
0.0
1.19209286886246e-09
1.19209286886246e-09
0.0
2.384185515680315e-09
0.0
2.384185515680315e-09
3.576278384542775e-09
0.0
0.0
0.0
0.0
0.0
0.0
0.0
0.0
2.384185515680315e-09
0.0
0.0
1.19209286886246e-09
4.76837058727142e-09
0.0
1.19209286886246e-09
0.0
1.19209286886246e-09
0.0
0.0
1.19209286886246e-09
0.0
0.0
0.0
0.0
1.19209286886246e-09
0.0
0.0
0.0
2.38418573772492e-09
0.0
0.0
0.0
0.0
0.0
0.0
0.0
0.0
0.0
0.0
3.57627816249817e-09
1.19209286886246e-09
0.0
0.0
0.0
0.0
0.0
2.384185515680315e-09
0.0
0.0
3.57627816249817e-09
2.38418573772492e-09
0.0
0.0
0.0
0.0
0.0
1.19209286886246e-09
8.344646751368145e-09
0.0
0.0
0.0
1.19209286886246e-09
4.76837103136063e-09
2.3841840501859224e-08
0.0
8.344646751368145e-09
0.0
2.38418573772492e-09
0.0
5.960464122267695e-09
0.0
0.0
0.0
0.0
0.0
0.0
0.0
0.0
1.19209286886246e-09
0.0
3.576278384542775e-09
0.0
2.384185515680315e-09
1.19209286886246e-09
1.5497194638669498e-08
3.57627816249817e-09
0.0
0.0
0.0
0.0
0.0
9.536739398186e-09
0.0
1.19209286886246e-09
0.0
0.0
0.0
0.0
4.76837058727142e-09
0.0
0.0
1.19209286886246e-09
1.4305109097279e-08
2.384185515680315e-09
0.0
2.38418573772492e-09
0.0
2.384185515680315e-09
0.0
0.0
0.0
0.0
2.38418573772492e-09
2.384185515680315e-09
0.0
0.0
1.19209286886246e-09
0.0
0.0
0.0
1.19209286886246e-09
0.0
0.0
0.0
0.0
0.0
0.0
0.0
0.0
0.0
0.0
1.19209286886246e-09
0.0
0.0
0.0
0.0
0.0
1.19209286886246e-09
0.0
1.19209286886246e-09
1.19209286886246e-09
0.0
0.0
0.0
0.0
0.0
0.0
1.19209286886246e-09
1.19209286886246e-09
1.19209286886246e-09
0.0
5.960463234089275e-09
0.0
0.0
0.0
0.0
1.19209286886246e-09
2.38418573772492e-09
0.0
0.0
0.0
1.19209286886246e-09
0.0
0.0
0.0
0.0
0.0
0.0
0.0
0.0
0.0
1.19209286886246e-09
0.0
1.19209286886246e-09
0.0
0.0
0.0
1.19209286886246e-09
0.0
0.0
0.0
0.0
0.0
0.0
0.0
1.19209286886246e-09
1.19209286886246e-09
0.0
0.0
1.19209286886246e-09
0.0
0.0
1.19209286886246e-09
0.0
0.0
1.19209286886246e-09
0.0
0.0
1.19209286886246e-09
1.19209286886246e-09
0.0
0.0
0.0
0.0
0.0
0.0
0.0
0.0
0.0
0.0
0.0
1.19209286886246e-09
0.0
0.0
4.76837103136063e-09
1.19209286886246e-09
0.0
0.0
0.0
0.0
3.57627816249817e-09
0.0
0.0
0.0
0.0
0.0
0.0
0.0
0.0
0.0
3.576278384542775e-09
0.0
0.0
0.0
1.19209286886246e-09
0.0
0.0
0.0
0.0
0.0
0.0
0.0
0.0
0.0
0.0
1.19209286886246e-09
0.0
0.0
0.0
0.0
1.19209286886246e-09
0.0
1.19209286886246e-09
0.0
0.0
1.19209286886246e-09
2.38418573772492e-09
1.19209286886246e-09
0.0
0.0
0.0
0.0
0.0
0.0
1.19209286886246e-09
0.0
0.0
0.0
0.0
0.0
0.0
0.0
0.0
0.0
0.0
0.0
0.0
0.0
0.0
0.0
1.19209286886246e-09
1.19209286886246e-09
0.0
0.0
0.0
0.0
0.0
0.0
0.0
0.0
0.0
0.0
0.0
1.19209286886246e-09
0.0
0.0
0.0
1.19209286886246e-09
0.0
2.38418573772492e-09
0.0
0.0
0.0
0.0
1.19209286886246e-09
0.0
0.0
0.0
0.0
0.0
0.0
0.0
0.0
0.0
0.0
0.0
0.0
0.0
0.0
0.0
0.0
0.0
0.0
0.0
0.0
0.0
0.0
0.0
0.0
0.0
0.0
0.0
0.0
0.0
0.0
0.0
0.0
0.0
1.19209286886246e-09
0.0
0.0
0.0
0.0
0.0
0.0
0.0
0.0
0.0
0.0
0.0
0.0
1.19209286886246e-09
1.19209286886246e-09
1.19209286886246e-09
0.0
0.0
0.0
0.0
1.19209286886246e-09
0.0
0.0
1.19209286886246e-09
0.0
0.0
2.38418573772492e-09
0.0
0.0
0.0
1.19209286886246e-09
0.0
0.0
0.0
0.0
0.0
5.960462790000065e-09
0.0
0.0
0.0
0.0
0.0
1.19209286886246e-09
0.0
0.0
0.0
0.0
0.0
0.0
0.0
0.0
0.0
0.0
1.19209286886246e-09
0.0
0.0
0.0
0.0
0.0
0.0
1.19209286886246e-09
0.0
0.0
0.0
1.19209286886246e-09
0.0
0.0
0.0
0.0
0.0
0.0
0.0
0.0
0.0
0.0
2.384185515680315e-09
3.576278384542775e-09
0.0
0.0
0.0
0.0
0.0
0.0
0.0
2.384185515680315e-09
0.0
0.0
0.0
0.0
0.0
0.0
0.0
0.0
0.0
0.0
0.0
1.19209286886246e-09
0.0
0.0
0.0
0.0
0.0
0.0
0.0
0.0
0.0
0.0
0.0
0.0
0.0
0.0
0.0
0.0
0.0
0.0
0.0
0.0
0.0
0.0
0.0
0.0
0.0
0.0
0.0
0.0
0.0
0.0
0.0
0.0
0.0
0.0
0.0
0.0
0.0
0.0
1.19209286886246e-09
0.0
0.0
0.0
0.0
0.0
0.0
0.0
0.0
1.19209286886246e-09
0.0
0.0
0.0
0.0
0.0
0.0
0.0
0.0
0.0
0.0
0.0
0.0
0.0
0.0
0.0
0.0
0.0
0.0
0.0
0.0
0.0
0.0
0.0
0.0
0.0
0.0
0.0
0.0
0.0
0.0
1.19209286886246e-09
0.0
0.0
0.0
0.0
0.0
1.19209286886246e-09
0.0
0.0
0.0
0.0
0.0
0.0
0.0
0.0
0.0
0.0
0.0
0.0
0.0
0.0
0.0
0.0
0.0
0.0
0.0
0.0
0.0
0.0
0.0
0.0
1.19209286886246e-09
0.0
0.0
0.0
0.0
0.0
0.0
0.0
0.0
1.19209286886246e-09
0.0
0.0
0.0
0.0
0.0
0.0
0.0
0.0
0.0
0.0
0.0
0.0
0.0
0.0
0.0
0.0
0.0
0.0
0.0
0.0
0.0
0.0
0.0
0.0
0.0
0.0
0.0
0.0
0.0
0.0
2.384185515680315e-09
0.0
0.0
0.0
0.0
0.0
0.0
0.0
0.0
0.0
0.0
0.0
0.0
0.0
0.0
1.19209286886246e-09
0.0
0.0
0.0
0.0
0.0
0.0
0.0
0.0
0.0
0.0
0.0
0.0
0.0
0.0
0.0
0.0
0.0
0.0
0.0
0.0
0.0
0.0
0.0
0.0
0.0
0.0
0.0
0.0
0.0
0.0
0.0
0.0
0.0
0.0
0.0
0.0
0.0
0.0
0.0
0.0
0.0
0.0
0.0
0.0
0.0
0.0
0.0
0.0
0.0
0.0
0.0
0.0
1.19209286886246e-09
0.0
0.0
0.0
0.0
0.0
0.0
0.0
0.0
0.0
0.0
1.19209286886246e-09
0.0
0.0
0.0
0.0
0.0
0.0
0.0
0.0
0.0
0.0
1.19209286886246e-09
0.0
0.0
0.0
0.0
0.0
0.0
1.19209286886246e-09
0.0
4.76837103136063e-09
0.0
0.0
0.0
0.0
0.0
0.0
0.0
0.0
1.19209286886246e-09
1.19209286886246e-09
0.0
0.0
1.19209286886246e-09
0.0
0.0
0.0
0.0
0.0
0.0
0.0
0.0
1.19209286886246e-09
0.0
1.19209286886246e-09
0.0
0.0
0.0
0.0
0.0
0.0
0.0
0.0
0.0
0.0
0.0
0.0
0.0
0.0
0.0
0.0
0.0
0.0
0.0
0.0
0.0
0.0
1.19209286886246e-09
0.0
0.0
0.0
1.19209286886246e-09
0.0
0.0
1.19209286886246e-09
0.0
0.0
0.0
0.0
0.0
0.0
0.0
1.19209286886246e-09
0.0
0.0
0.0
0.0
0.0
0.0
0.0
0.0
0.0
0.0
0.0
0.0
0.0
0.0
0.0
0.0
0.0
0.0
0.0
0.0
0.0
0.0
0.0
0.0
0.0
0.0
0.0
0.0
0.0
1.19209286886246e-09
0.0
0.0
0.0
0.0
0.0
0.0
0.0
0.0
0.0
0.0
0.0
0.0
0.0
1.19209286886246e-09
0.0
0.0
0.0
0.0
1.19209286886246e-09
0.0
0.0
0.0
0.0
0.0
0.0
1.19209286886246e-09
0.0
1.19209286886246e-09
0.0
0.0
0.0
