2.3054003715515137
1.4242475032806396
0.9165390133857727
0.4785861074924469
0.34703299403190613
0.4593421220779419
0.29258647561073303
0.25025835633277893
0.5223145484924316
0.18004614114761353
0.3222034275531769
0.30651241540908813
0.15969420969486237
0.1897527128458023
0.3122013211250305
0.14362069964408875
0.267428457736969
0.13987404108047485
0.4797819256782532
0.2829698920249939
0.1850702315568924
0.16537407040596008
0.11828689277172089
0.3726338744163513
0.17263180017471313
0.2326958030462265
0.18825042247772217
0.08799570798873901
0.16232866048812866
0.1645260751247406
0.23897890746593475
0.164187952876091
0.04493659362196922
0.22270959615707397
0.009746947325766087
0.10864473879337311
0.23297902941703796
0.18864475190639496
0.053075265139341354
0.03527707979083061
0.07257425040006638
0.0994260385632515
0.24127528071403503
0.25916939973831177
0.15446852147579193
0.19198709726333618
0.03575313463807106
0.07799462229013443
0.0420868955552578
0.1558305025100708
0.2217569500207901
0.0799604132771492
0.07576633989810944
0.01425460260361433
0.029826482757925987
0.19770170748233795
0.18831150233745575
0.06465823948383331
0.10502441227436066
0.2140974998474121
0.1620766818523407
0.030967235565185547
0.019327720627188683
0.11611767113208771
0.09570878744125366
0.07737817615270615
0.07379718124866486
0.13691480457782745
0.23870335519313812
0.075826495885849
0.13962818682193756
0.15454845130443573
0.15260151028633118
0.16541209816932678
0.11292408406734467
0.06561921536922455
0.04519857093691826
0.08067677170038223
0.0776510164141655
0.0767044648528099
0.28252947330474854
0.026031918823719025
0.009494315832853317
0.22574590146541595
0.09514893591403961
0.06388888508081436
0.027147188782691956
0.11983871459960938
0.089478500187397
0.0693734809756279
0.12499281018972397
0.01849917508661747
0.0075398837216198444
0.004615394398570061
0.08101295679807663
0.03498605266213417
0.09384764730930328
0.09957218170166016
0.09019280225038528
0.03254431113600731
0.02450261265039444
0.07935383170843124
0.17275594174861908
0.09891802072525024
0.21146391332149506
0.18765759468078613
0.059441134333610535
0.020687734708189964
0.08017034083604813
0.049364279955625534
0.08928242325782776
0.05811481550335884
0.2220584750175476
0.04792848229408264
0.04477236792445183
0.021974824368953705
0.018875986337661743
0.08627486974000931
0.06616589426994324
0.10695192962884903
0.05696529522538185
0.013415385968983173
0.0739470049738884
0.07681786268949509
0.1464053839445114
0.06463706493377686
0.024553077295422554
0.10935431718826294
0.004339776001870632
0.03290509805083275
0.06823918968439102
0.13674138486385345
0.01609831117093563
0.011934318579733372
0.0782991573214531
0.024337951093912125
0.15964563190937042
0.020646966993808746
0.12867380678653717
0.01298639364540577
0.07312793284654617
0.022526094689965248
0.08542438596487045
0.09024127572774887
0.1260179728269577
0.11052092909812927
0.05961928144097328
0.02148464135825634
0.03116890788078308
0.062068574130535126
0.12272756546735764
0.029226254671812057
0.05025210604071617
0.13074252009391785
0.08463966101408005
0.0015883425949141383
0.009948437102138996
0.025433147326111794
0.14653617143630981
0.06929214298725128
0.04157029092311859
0.11364278942346573
0.05560341849923134
0.007233485113829374
0.09535093605518341
0.07884843647480011
0.1552453190088272
0.06488340348005295
0.06568066030740738
0.05124681070446968
0.020268967375159264
0.012724175117909908
0.017123498022556305
0.01394741516560316
0.12701986730098724
0.03985236585140228
0.006165857892483473
0.08301354944705963
0.08749910444021225
0.022826209664344788
0.02026698738336563
0.06315937638282776
0.08266918361186981
0.05074383318424225
0.03505459800362587
0.024857278913259506
0.01933111436665058
0.009727846831083298
0.03387511149048805
0.04219045862555504
0.056518640369176865
0.06137453764677048
0.0734192505478859
0.05962035804986954
0.01235946174710989
0.019455963745713234
0.03847472369670868
0.04810620844364166
0.08023345470428467
0.19171901047229767
0.045488666743040085
0.05385074019432068
0.06727343052625656
0.06085282936692238
0.17786119878292084
0.011089108884334564
0.09242533147335052
0.0605667345225811
0.03716689348220825
0.010022473521530628
0.010190417058765888
0.1400357037782669
0.05774606019258499
0.04511848837137222
0.11232302337884903
0.002344191772863269
0.04701722040772438
0.08008362352848053
0.11518882215023041
0.08448168635368347
0.00489291874691844
0.09787289798259735
0.03504140302538872
0.009121033363044262
0.07561361789703369
0.01919969730079174
0.0006494377739727497
0.004800964146852493
0.07081802189350128
0.09248115867376328
0.04129663109779358
0.028478996828198433
0.08819875121116638
0.021824685856699944
0.00933622196316719
0.040268633514642715
0.02370595745742321
0.042513612657785416
0.06757969409227371
0.009865926578640938
0.041914623230695724
0.012203703634440899
0.0031051107216626406
0.05295436084270477
0.17417490482330322
0.040607523173093796
0.06101195514202118
0.05265238136053085
0.08963461965322495
0.0028616711497306824
0.026172133162617683
0.08526861667633057
0.0591873861849308
0.06891327351331711
0.015427857637405396
0.028540832921862602
0.04572157561779022
0.01579822227358818
0.04304825887084007
0.08155437558889389
0.16763633489608765
0.06879080086946487
0.09567650407552719
0.02657928876578808
0.01722016930580139
0.023244379088282585
0.04596138745546341
0.02189529500901699
0.12467341870069504
0.06825661659240723
0.005539794452488422
0.05744893103837967
0.07299459725618362
0.026372240856289864
0.025055348873138428
0.05725961551070213
0.020061280578374863
0.051263753324747086
0.056467749178409576
0.022661376744508743
0.03536014258861542
0.00203853752464056
0.03126177191734314
0.020775673910975456
0.023517828434705734
0.1036590039730072
0.016646400094032288
0.018396420404314995
0.007578242104500532
0.05115251988172531
0.1476881206035614
0.02827667072415352
0.15314824879169464
0.10426339507102966
0.013470897451043129
0.01405117753893137
0.07842607796192169
0.03260720893740654
0.10407155752182007
0.07224639505147934
0.029431231319904327
0.049896951764822006
0.043579455465078354
0.0033901797141879797
0.011363472789525986
0.16145122051239014
0.006237662397325039
0.03303893655538559
0.17396506667137146
0.0021905407775193453
0.03761720284819603
0.007355356588959694
0.042865052819252014
0.045787014067173004
0.006924785673618317
0.1521470844745636
0.002271522767841816
0.004881664179265499
0.13396577537059784
0.034011442214250565
0.026162419468164444
0.022734766826033592
0.03749467059969902
0.01972675323486328
0.11149606108665466
0.028001176193356514
0.04764721170067787
0.014989573508501053
0.012853045016527176
0.026928748935461044
0.01616523042321205
0.027537552639842033
0.1464289277791977
0.009616399183869362
0.03242196887731552
0.02294931188225746
0.006630211602896452
0.07470791041851044
0.024973705410957336
0.009876133874058723
0.06128273904323578
0.1479170173406601
0.0976409763097763
0.013218679465353489
0.04461664706468582
0.011541221290826797
0.05200965702533722
0.03080986812710762
0.00692098680883646
0.010999594815075397
0.03214392438530922
0.016535138711333275
0.08537747710943222
0.08395330607891083
0.0898609608411789
0.04585784673690796
0.02649703621864319
0.03405526280403137
0.013302645646035671
0.010126069188117981
0.03354267030954361
0.03457055985927582
0.22935183346271515
0.007032778579741716
0.011038212105631828
0.020559420809149742
0.06205463036894798
0.008899508975446224
0.014250179752707481
0.02357552759349346
0.006088716443628073
0.014956864528357983
0.10863524675369263
0.06753639876842499
0.004043262917548418
0.001420660875737667
0.017910750582814217
0.007253587711602449
0.016708994284272194
0.05185519903898239
0.012525432743132114
0.008228737860918045
0.002851647324860096
0.05687335133552551
0.19507049024105072
0.02695963904261589
0.10051602870225906
0.22322098910808563
0.02426682971417904
0.007856765761971474
0.05993310734629631
0.004846181254833937
0.04285379499197006
0.019383804872632027
0.07932709902524948
0.03232560679316521
0.01477196253836155
0.00198167422786355
0.001954520819708705
0.09040500223636627
0.007799769286066294
0.027958305552601814
0.11385651677846909
0.00033238279866054654
0.019111227244138718
0.02119503915309906
0.03285873308777809
0.09296635538339615
0.002979140728712082
0.13734695315361023
0.008226346224546432
0.0030920791905373335
0.12914921343326569
0.04935849830508232
0.017222953960299492
0.003753958037123084
0.042075321078300476
0.0018739774823188782
0.12195738404989243
0.017524972558021545
0.040876951068639755
0.06450915336608887
0.01916242018342018
0.0645507276058197
0.002517723711207509
0.06081786006689072
0.0721159428358078
0.0918898731470108
0.026956604793667793
0.0029706095810979605
0.001826388412155211
0.18402163684368134
0.0344078503549099
0.0070348260924220085
0.047943174839019775
0.16164140403270721
0.09934672713279724
0.0039175706915557384
0.022379770874977112
0.019741347059607506
0.07236012071371078
0.009330698288977146
0.0024574275594204664
0.09311874955892563
0.05199386924505234
0.007392827421426773
0.028840936720371246
0.07724469155073166
0.04799632728099823
0.06162453442811966
0.05037834495306015
0.02302730083465576
0.029545601457357407
0.0073773982003331184
0.02957804687321186
0.005502763669937849
0.1618100106716156
0.0017325583612546325
0.000973542919382453
0.08655153214931488
0.09356033056974411
0.042957603931427
0.0018716512713581324
0.01107090711593628
0.02106262370944023
0.009799506515264511
0.004934114869683981
0.002158906077966094
0.0005027526640333235
0.0009381615673191845
0.012588074430823326
0.027679091319441795
0.007700213696807623
0.06558095663785934
0.0901452898979187
0.04156641662120819
0.0010375349083915353
0.025304965674877167
0.0864076018333435
0.037034258246421814
0.2613099217414856
0.13599516451358795
0.010584109462797642
0.014409198425710201
0.010450301691889763
0.012622570618987083
0.0883643701672554
0.006360363215208054
0.014136397279798985
0.007335210219025612
0.08367278426885605
0.004218115471303463
0.00048459655954502523
0.0308156069368124
0.038302961736917496
0.03617001697421074
0.11111817508935928
0.0021129706874489784
0.004126446787267923
0.011558824218809605
0.07654748111963272
0.1225920245051384
0.0037644794210791588
0.05852653458714485
0.006010210607200861
0.004130193497985601
0.09566637128591537
0.03871803358197212
0.000313972239382565
0.004667679779231548
0.012675243429839611
0.00279519846662879
0.021704481914639473
0.045001331716775894
0.1563679426908493
0.027339931577444077
0.03829745575785637
0.0797322690486908
0.011687329038977623
0.009416498243808746
0.09735938906669617
0.05860278755426407
0.046201784163713455
0.025240076705813408
0.005127312615513802
0.15216609835624695
0.06903693079948425
0.006183772347867489
0.016967063769698143
0.08135686814785004
0.1396041363477707
0.0012508772779256105
0.019124455749988556
0.09326724708080292
0.06666354835033417
0.026586484163999557
0.0076172202825546265
0.019507287070155144
0.029798487201333046
0.0024795369245111942
0.039623867720365524
0.025540504604578018
0.12168610841035843
0.06560705602169037
0.014622806571424007
0.05272349715232849
0.04954448342323303
0.01864512637257576
0.014571694657206535
0.006137104704976082
0.14818315207958221
0.00021937111159786582
0.002838798565790057
0.010424097068607807
0.08030489832162857
0.0064438399858772755
0.0011522929416969419
0.054738063365221024
0.039501890540122986
0.004781852476298809
0.025629829615354538
0.02091268077492714
0.0010858866153284907
3.455779733485542e-05
0.013943786732852459
0.01056315004825592
0.008351287804543972
0.031757596880197525
0.006385885179042816
0.012310129590332508
0.003425321541726589
0.011025134474039078
0.12741275131702423
0.04964150860905647
0.17573463916778564
0.08262468129396439
0.027015497907996178
0.016138818114995956
0.020956983789801598
0.011950746178627014
0.09101831167936325
0.0030949453357607126
0.009242041036486626
0.07685060799121857
0.02083362452685833
0.05948812887072563
0.006864357274025679
0.022944966331124306
0.10917852073907852
0.016437998041510582
0.08068715780973434
0.0032586418092250824
0.00541027681902051
0.032705727964639664
0.024096190929412842
0.034672610461711884
0.020158251747488976
0.07369481027126312
0.014859143644571304
0.0010563634568825364
0.03764442726969719
0.046493131667375565
0.0001770853268681094
0.001688591088168323
0.031224653124809265
0.001958640059456229
0.12148711830377579
0.01502455398440361
0.03653513640165329
0.006753640249371529
0.02647595852613449
0.009017369709908962
0.0023600056301802397
0.07311706990003586
0.18338672816753387
0.01039932668209076
0.020900914445519447
0.005462446715682745
0.004446628037840128
0.154782235622406
0.044132862240076065
0.007335600908845663
0.008109046146273613
0.02095029689371586
0.07991080731153488
0.002062702551484108
0.046089839190244675
0.07994440197944641
0.05051414668560028
0.02477215602993965
0.006822009105235338
0.055863846093416214
0.0026149803306907415
0.02417905442416668
0.00902722030878067
0.02347809076309204
0.003290286287665367
0.08171703666448593
0.013567587360739708
0.019853901118040085
0.010307641699910164
0.026372656226158142
0.04941323399543762
0.03835457190871239
0.16733433306217194
0.054043274372816086
0.003898550057783723
0.02538801170885563
0.05714200437068939
0.005043189041316509
0.0032243523746728897
0.022064873948693275
0.03140224143862724
0.004275001585483551
0.09758175909519196
0.02593350224196911
0.0030460755806416273
0.0007195889484137297
0.014116467908024788
0.005160298198461533
0.009973770007491112
0.09179777652025223
0.0035581940319389105
0.03279015049338341
0.0008987458422780037
0.010685397312045097
0.2528578042984009
0.013445418328046799
0.07016142457723618
0.15125131607055664
0.004241822753101587
0.004567874129861593
0.01908518560230732
0.024523649364709854
0.045709509402513504
0.006978197488933802
0.09593469649553299
0.023166824132204056
0.016899505630135536
0.009051413275301456
0.06138040870428085
0.04796494543552399
0.02837098389863968
0.03672810271382332
0.04867015406489372
0.002614987548440695
0.04365224391222
0.06706465780735016
0.08161737024784088
0.00864962488412857
0.004105140455067158
0.09435465931892395
0.025461649522185326
0.007094451691955328
0.028064396232366562
0.06506187468767166
0.0020073566120117903
0.04063105583190918
0.005394989158958197
0.009644532576203346
0.029693273827433586
0.07847097516059875
0.06924454867839813
0.01592879928648472
0.02452692575752735
0.005523208528757095
0.015695329755544662
0.007561474572867155
0.0071402681060135365
0.02058122493326664
0.022683104500174522
0.02226146124303341
0.023282723501324654
0.10705651342868805
0.07290876656770706
0.0013755586696788669
0.011689925566315651
0.06676256656646729
0.13474956154823303
0.006232761312276125
0.11164350062608719
0.00573893915861845
0.08383438736200333
0.019851982593536377
0.004872765392065048
0.010133265517652035
0.012430088594555855
0.0268834438174963
0.025573115795850754
0.028681866824626923
0.03225810453295708
0.04869511350989342
0.07003682851791382
0.00896382238715887
0.0021419627591967583
0.09482966363430023
0.04263899847865105
0.05956554785370827
0.11196409910917282
0.0003982004418503493
0.0004546719428617507
0.02410135790705681
0.05510791391134262
0.06757431477308273
0.04188081622123718
0.028286490589380264
0.0023812607396394014
0.012176690623164177
0.04353905841708183
0.0030486001633107662
0.0006249826401472092
0.0003012881788890809
0.018401306122541428
0.008919640444219112
0.01200144737958908
0.02412782423198223
0.008583175018429756
0.004851616453379393
0.00034796565887518227
0.0486590676009655
0.037456318736076355
0.003161776578053832
0.10751625150442123
0.23115938901901245
0.01464473083615303
0.026737837120890617
0.0042679887264966965
0.025922274217009544
0.11635849624872208
0.008343653753399849
0.05917564406991005
0.06173305585980415
0.03687888756394386
0.0003174329758621752
0.005455316510051489
0.07571481913328171
0.0011353165609762073
0.00616374472156167
0.054832588881254196
0.0005980056012049317
0.07959091663360596
0.023860877379775047
0.008135821670293808
0.028625039383769035
0.0016084073577076197
0.008391443639993668
0.0012254605535417795
0.0004456551978364587
0.012805622071027756
0.08411314338445663
0.005106945056468248
0.01946769282221794
0.03126140311360359
0.004785049241036177
0.04000624269247055
0.015239090658724308
0.03768979758024216
0.028257915750145912
0.004764523357152939
0.006956208497285843
0.0032817539758980274
0.002646524226292968
0.01282926183193922
0.11541058123111725
0.007245475891977549
0.0011432277970016003
0.025492478162050247
0.14253638684749603
0.09224867820739746
0.02405470609664917
0.008515947498381138
0.012516389600932598
0.13484351336956024
0.0035334941931068897
0.006974752061069012
0.04491214081645012
0.018923908472061157
0.06075076013803482
0.01975540816783905
0.054612576961517334
0.11068751662969589
0.003843232523649931
0.008183010853827
0.014986110851168633
0.03856339678168297
0.05588407441973686
0.07962730526924133
0.025003906339406967
0.009064947254955769
0.006118316203355789
0.0031226463615894318
0.023229874670505524
0.05010513961315155
0.000952069356571883
0.008571313694119453
0.017012255266308784
0.09994488209486008
0.012017921544611454
0.013277598656713963
0.007830050773918629
0.031800881028175354
0.031158138066530228
0.014428950846195221
0.00267397821880877
0.003334129462018609
0.00010679686965886503
0.027485186234116554
0.007040427066385746
0.025625936686992645
0.05174337327480316
0.014782843180000782
0.01980426535010338
0.000235877072555013
0.014503121376037598
0.08344883471727371
0.017796246334910393
0.0894637256860733
0.16767171025276184
0.03145161271095276
0.0034897185396403074
0.07813187688589096
0.06362228095531464
0.08061013370752335
0.002573811449110508
0.012628302909433842
0.009543918073177338
0.0028498948086053133
0.0007846024236641824
0.0015668121632188559
0.011403333395719528
0.017460212111473083
0.06306415051221848
0.08761683851480484
0.0008783273515291512
0.008800682611763477
0.006111952476203442
0.09556970000267029
0.014953595586121082
0.005576184950768948
0.1264236569404602
0.004543566610664129
0.005724838003516197
0.0237205158919096
0.025087129324674606
0.00043729308526962996
0.004203514661639929
0.017123553901910782
0.005199715495109558
0.018122470006346703
0.012766319327056408
0.058833539485931396
0.007049174979329109
0.03092018887400627
0.011621402576565742
0.041465405374765396
0.01318980474025011
0.09847291558980942
0.015465651638805866
0.0270138718187809
0.0023175650276243687
0.0032437497284263372
0.08758983016014099
0.09927594661712646
0.0076982406899333
0.010520514100790024
0.044428471475839615
0.08438853919506073
0.0006859605782665312
0.024231960996985435
0.030912410467863083
0.0511961504817009
0.002772789215669036
0.009706095792353153
0.003629920305684209
0.03247217461466789
0.0065225875005126
0.024346204474568367
0.016285069286823273
0.06849928945302963
0.13918767869472504
0.05915979668498039
0.011522534303367138
0.004416279494762421
0.02838330902159214
0.005459026899188757
0.023813465610146523
0.09018346667289734
0.0022608384024351835
0.00022282236022874713
0.05281127989292145
0.054911669343709946
0.011349071748554707
0.0030825010035187006
0.03338484838604927
0.02165018580853939
0.007302611600607634
0.004939894657582045
0.00024151195248123258
0.006353664677590132
8.757583418628201e-05
0.024672748520970345
0.002501395530998707
0.00878671184182167
0.030861658975481987
0.004128552973270416
0.011423560790717602
0.004104530438780785
0.07264114916324615
0.05707967281341553
0.08781880140304565
0.10801193863153458
0.18012145161628723
0.011387506499886513
0.0018037250265479088
0.07687564194202423
0.016265634447336197
0.03220470994710922
0.0013617078075185418
0.07871837913990021
0.02635669894516468
0.06592820584774017
0.026174023747444153
0.01844174973666668
0.08253726363182068
0.004509380552917719
0.017777549102902412
0.11063900589942932
0.002769874408841133
0.022542882710695267
0.010906165465712547
0.008010347373783588
0.0483040027320385
0.001767295179888606
0.028839068487286568
0.009355371817946434
0.023362452164292336
0.05378667637705803
0.011307558044791222
0.005182779859751463
0.013293853029608727
0.015106990933418274
0.006143098697066307
0.030214985832571983
0.013875116594135761
0.009782965295016766
0.003814809722825885
0.015856796875596046
0.0018395391525700688
0.021065596491098404
0.0244071613997221
0.04147735610604286
0.011829175055027008
0.008333914913237095
0.0008262992487289011
0.0003463487373664975
0.11152561008930206
0.017976446077227592
0.0035860019270330667
0.055771149694919586
0.02563585713505745
0.09805642068386078
0.0142908226698637
0.020131131634116173
0.0002840836823452264
0.02817799150943756
0.0011048810556530952
0.008287993259727955
0.010794708505272865
0.017239971086382866
0.002650673035532236
0.042377740144729614
0.09568332135677338
0.011819537729024887
0.05983610078692436
0.025143086910247803
0.006733214017003775
0.010243088006973267
0.00842086412012577
0.0007364564226008952
0.003184878034517169
0.04873838275671005
0.018487712368369102
0.004638024140149355
0.009895874187350273
0.04702380299568176
0.05713365599513054
0.007346162106841803
0.019991131499409676
0.026900161057710648
0.003622265299782157
0.0006687613786198199
0.0008941889391280711
0.005018806550651789
0.00011781037028413266
0.005684961564838886
0.0011890914756804705
0.0057390062138438225
0.010666850954294205
0.07058720290660858
0.0032830117270350456
0.0026634507812559605
0.01308031752705574
0.055056486278772354
0.036291904747486115
0.033192239701747894
0.15223240852355957
0.014830570667982101
0.005444168113172054
0.025271659716963768
0.016585223376750946
0.0793890729546547
0.026269251480698586
0.018755804747343063
0.00716088991612196
0.07560223340988159
0.002987924963235855
0.000905485067050904
0.010860882699489594
0.06151257082819939
0.03932775557041168
0.04446969926357269
0.00016655167564749718
0.004986284300684929
0.0028210687451064587
0.031279128044843674
0.06992114335298538
0.003760606050491333
0.05557803437113762
0.015395618975162506
0.0014629942597821355
0.002975834533572197
0.01869993843138218
0.0006465998012572527
0.001351997721940279
0.06263307482004166
0.002631307113915682
0.048552438616752625
0.03995906189084053
0.03847886249423027
0.026996750384569168
0.0036763185635209084
0.002796064829453826
0.052035871893167496
0.021621594205498695
0.04171432554721832
0.0011596292024478316
0.01706666499376297
0.004407208412885666
0.0009480222361162305
0.040086355060338974
0.015545779839158058
0.012394879944622517
0.004786366131156683
0.004014513920992613
0.01701480895280838
0.015480615198612213
0.0026756455190479755
0.0511985681951046
0.03739200159907341
0.008526003919541836
0.004990811459720135
0.0031177112832665443
0.00755829643458128
0.012592214159667492
0.0019863664638251066
0.020106662064790726
0.06181423366069794
0.061376143246889114
0.02671893686056137
0.0037392787635326385
0.0020246244966983795
0.004421727266162634
0.0027268407866358757
0.010224919766187668
0.05520569160580635
0.023770302534103394
0.0008700727485120296
0.05950062349438667
0.017389899119734764
0.0068587372079491615
0.002569106174632907
0.006729023065418005
0.007767460308969021
0.001994124613702297
0.04578784480690956
0.007404585834592581
0.002486580051481724
0.0012293519685044885
0.0035075629130005836
0.004668520297855139
0.009028066881000996
0.028285792097449303
0.0036194745916873217
0.004218758549541235
0.0015455748653039336
0.005925880279392004
0.030992744490504265
0.003134569153189659
0.007838736288249493
0.21682992577552795
0.04037337377667427
0.008614652790129185
0.017008723691105843
0.00949525460600853
0.05717108026146889
0.0019056443125009537
0.018546314910054207
0.0213929396122694
0.023872816935181618
0.002511916682124138
0.0006987542728893459
0.009056155569851398
0.0005405253614298999
0.004882920999079943
0.0668954998254776
0.0006250248407013714
0.0034230391029268503
0.042703885585069656
0.06009198725223541
0.024732651188969612
0.0042256079614162445
0.02674366720020771
0.08464080840349197
0.0009918375872075558
0.06192547455430031
0.010837680660188198
0.0004566186689771712
0.004307263530790806
0.0035788696259260178
0.0014918367378413677
0.01208339724689722
0.05764200910925865
0.030159994959831238
0.005469673778861761
0.0026600209530442953
0.004707840271294117
0.013005094602704048
0.0012772417394444346
0.04514361917972565
0.0011411372106522322
0.00967483688145876
0.04316551610827446
0.003450508462265134
0.0899406373500824
0.05106624215841293
0.006416126620024443
0.013398954644799232
0.00911922287195921
0.029747148975729942
0.0004412215785123408
0.0063325767405331135
0.011791260913014412
0.052699122577905655
0.04761635139584541
0.009205580689013004
0.004334562923759222
0.008597753942012787
0.007206891663372517
0.02515239641070366
0.006350629031658173
0.03450234234333038
0.04180123656988144
0.12959395349025726
0.04918697848916054
0.0013949329731985927
0.005867017898708582
0.018600469455122948
0.10138078033924103
0.0292209405452013
0.005857687443494797
0.01609991118311882
0.030462564900517464
0.04689173772931099
0.029871610924601555
0.00431418139487505
0.004416482988744974
0.005863216705620289
0.0030538723804056644
0.014854527078568935
0.0002793814055621624
0.006676007527858019
0.0009710273006930947
0.023055842146277428
0.0013430302496999502
0.0037026177160441875
0.016347622498869896
0.0005766141111962497
0.011269407346844673
0.0004026943352073431
0.09742198884487152
0.01652398146688938
0.00700223445892334
0.187436044216156
0.1610172539949417
0.0058914185501635075
0.005739652551710606
0.056344110518693924
0.000548225303646177
0.03090600110590458
0.003553203772753477
0.018429052084684372
0.06434685736894608
0.028768928721547127
0.04715096950531006
0.00020372983999550343
0.00830679852515459
0.0016003985656425357
0.010950848460197449
0.09944183379411697
2.6675586923374794e-05
0.008154059760272503
0.13520780205726624
0.024368133395910263
0.008419047109782696
0.0005323844961822033
0.06749974191188812
0.004622649401426315
0.0014133428921923041
0.007872591726481915
0.002509823301807046
0.0016920041525736451
0.00039377054781652987
0.0025688335299491882
0.0011646958300843835
0.008561699651181698
0.0014597022673115134
0.005888134706765413
0.0012741928221657872
0.023418882861733437
0.009791306219995022
0.002970020519569516
0.04502926021814346
0.03477475419640541
0.043754544109106064
0.03805851191282272
0.0008056303486227989
0.009004474617540836
0.09126122295856476
0.02092128060758114
0.0008208298240788281
0.015482056885957718
0.02709142491221428
0.03934730216860771
0.0005894569912925363
0.0664220005273819
0.004206286743283272
0.017927028238773346
0.007264547981321812
0.02753373794257641
0.0069273398257792
0.012647942639887333
0.00047112314496189356
0.04391322284936905
0.021131474524736404
0.05616534501314163
0.06572676450014114
0.009928526356816292
0.08182214200496674
0.06518994271755219
0.0012899308931082487
0.021692877635359764
0.04420264810323715
0.03228038549423218
0.0017303423956036568
0.0010591025929898024
0.0018299520015716553
0.07044044882059097
0.017130225896835327
0.011239943094551563
0.054822586476802826
0.006968767382204533
0.01469493005424738
0.015132949687540531
0.0001455533056287095
0.0004974088515155017
9.118593152379617e-05
0.014714573509991169
0.021485937759280205
0.001633039559237659
0.016951674595475197
0.010776594281196594
0.0013328237691894174
0.0026104263961315155
0.0011319175828248262
0.04410114139318466
0.022287026047706604
0.06220748648047447
0.18673835694789886
0.04607025906443596
0.018199510872364044
0.013090664520859718
0.013177098706364632
0.07998353242874146
0.0014078995445743203
0.01486776303499937
0.05303910747170448
0.012884632684290409
0.00023779140610713512
0.00027233027503825724
0.0041389791294932365
0.011317596770823002
0.04329315572977066
0.016492489725351334
0.0012960387393832207
0.00681508332490921
0.003958560526371002
0.00713301682844758
0.019646843895316124
0.003407922573387623
0.012380185537040234
0.0014034544583410025
0.0002885593567043543
0.01778353564441204
0.011893217451870441
0.0003585774975363165
0.0012378832325339317
0.0012715994380414486
0.00263754790648818
0.007438953034579754
0.0076221441850066185
0.014608190394937992
0.006038025952875614
0.024959515780210495
0.0030472564976662397
0.001162189175374806
0.021286197006702423
0.029505856335163116
0.003556549549102783
0.0020393100567162037
0.002237538807094097
0.003228349145501852
0.10573326796293259
0.12156344950199127
0.0035815173760056496
0.012985341250896454
0.041277848184108734
0.007066797465085983
0.0015062091406434774
0.010230815038084984
0.0016836662543937564
0.026472492143511772
0.008510507643222809
0.001232303329743445
0.009066998027265072
0.004345442168414593
0.002035119803622365
0.0033831465989351273
0.02342849038541317
0.022327644750475883
0.005892720073461533
0.04549882560968399
0.00808884110301733
0.002213863655924797
0.024657895788550377
0.005570522975176573
0.010578963905572891
0.13752305507659912
0.0015093163819983602
0.002471792744472623
0.023411128669977188
0.07468435168266296
0.02123187482357025
0.004119467455893755
0.003796820994466543
0.0008426725398749113
0.00041689397767186165
0.05625208839774132
0.00041720649460330606
0.0006610029959119856
0.00010571757593424991
0.007643892429769039
0.0010574109619483352
0.0020213117823004723
0.0709664598107338
0.0008761576609686017
0.008284876123070717
0.0017242497997358441
0.04274246469140053
0.04774562269449234
0.03860274702310562
0.09479710459709167
0.19107255339622498
0.0008000012603588402
0.007338256109505892
0.07861001789569855
0.0020550815388560295
0.10785802453756332
0.03614738956093788
0.0072838920168578625
0.028345920145511627
0.07531887292861938
0.00016120377404149622
0.0063996026292443275
0.009080764837563038
0.0018353959312662482
0.02710600383579731
0.04779766499996185
0.0005683410563506186
0.0003000774886459112
0.0004145453858654946
0.026886338368058205
0.008361637592315674
0.0004725173639599234
0.0861286073923111
0.002308150287717581
0.0018520496087148786
0.017841806635260582
0.00916390959173441
0.0007989712757989764
0.002924379426985979
0.010946881026029587
0.004471834748983383
0.05723916366696358
0.01872524805366993
0.05343647301197052
0.001334384549409151
0.013583142310380936
0.0028163183014839888
0.009775799699127674
0.005329242907464504
0.023560822010040283
0.02434895746409893
0.01277099922299385
0.007051129825413227
0.002277423394843936
0.03130113705992699
0.01324547827243805
0.006966444198042154
0.02106410264968872
0.001440873253159225
0.08715510368347168
0.0005163218593224883
0.014259702526032925
0.0011839430080726743
0.046952903270721436
0.018963385373353958
0.005239543505012989
0.00016723552835173905
0.0037135782185941935
0.0002786151599138975
0.002796115819364786
0.03818199783563614
0.024562174454331398
0.02039451338350773
0.009275071322917938
0.005837098695337772
0.012021503411233425
0.0033408524468541145
0.007213165517896414
0.00797206535935402
0.14769437909126282
0.00013998517533764243
0.00031705008586868644
0.007385002914816141
0.02108457125723362
0.01872110925614834
0.0038903504610061646
0.022218864411115646
0.015571758151054382
0.0011249076342210174
0.0022609091829508543
0.0030661900527775288
3.685175033751875e-05
8.264200005214661e-05
