2.3169093132019043
2.1154603958129883
1.9897230863571167
0.9570132493972778
0.6044114828109741
0.7233332395553589
0.3511686325073242
0.35365304350852966
0.796107828617096
0.2756273150444031
0.2769715189933777
0.3107847273349762
0.36630746722221375
0.23671859502792358
0.1699516773223877
0.2486075609922409
0.2796548902988434
0.13803911209106445
0.34500259160995483
0.1592833548784256
0.12010405957698822
0.14370980858802795
0.13304950296878815
0.5613393783569336
0.20212996006011963
0.3307591676712036
0.1775556355714798
0.1571682244539261
0.07933428138494492
0.14070658385753632
0.267410010099411
0.2513645887374878
0.040053222328424454
0.08571530133485794
0.03164537250995636
0.1073450967669487
0.07209815084934235
0.24808399379253387
0.04400777816772461
0.12289414554834366
0.04517668858170509
0.08808346837759018
0.17654287815093994
0.180913507938385
0.10874338448047638
0.06391429156064987
0.111809141933918
0.13127489387989044
0.08389725536108017
0.18076524138450623
0.07346418499946594
0.038105618208646774
0.13393160700798035
0.019989950582385063
0.07211915403604507
0.15716928243637085
0.10852600634098053
0.01580243743956089
0.12530644237995148
0.11660633236169815
0.09661278128623962
0.005208871327340603
0.09355355054140091
0.1650632917881012
0.14086371660232544
0.0811956450343132
0.03739045932888985
0.1574304848909378
0.15240727365016937
0.022012408822774887
0.07417905330657959
0.1531258523464203
0.08134772628545761
0.19381064176559448
0.1339714378118515
0.11419609934091568
0.03376816213130951
0.010706706903874874
0.12439053505659103
0.04019755497574806
0.2462000995874405
0.08779779076576233
0.07887556403875351
0.09428444504737854
0.09166014939546585
0.018640901893377304
0.08954544365406036
0.1318431794643402
0.06091439723968506
0.07227589190006256
0.13966141641139984
0.03570770099759102
0.005147948861122131
0.0035817530006170273
0.04947168007493019
0.019025331363081932
0.03664085641503334
0.09995818883180618
0.02869507111608982
0.04940327629446983
0.04490942880511284
0.06331127136945724
0.05163083225488663
0.13828730583190918
0.09275364130735397
0.1679200381040573
0.09179744124412537
0.03761366009712219
0.10458272695541382
0.06514494866132736
0.12133053690195084
0.021163206547498703
0.06451594829559326
0.05611471086740494
0.08070516586303711
0.07457748055458069
0.013435197062790394
0.14623413980007172
0.14825865626335144
0.10048545151948929
0.1535964012145996
0.04553594812750816
0.044624265283346176
0.04122500866651535
0.11742080003023148
0.09504984319210052
0.009147459641098976
0.019519943743944168
0.004403817001730204
0.06432561576366425
0.04060714691877365
0.21336011588573456
0.005599969998002052
0.02776847779750824
0.021535858511924744
0.024943487718701363
0.14468932151794434
0.08769562095403671
0.08754490315914154
0.016468780115246773
0.03798460215330124
0.06602571159601212
0.04376326873898506
0.018031403422355652
0.020521095022559166
0.0025610486045479774
0.04601506516337395
0.0059235659427940845
0.04079817980527878
0.07768183946609497
0.08373049646615982
0.0024352301843464375
0.0315684974193573
0.07358615100383759
0.06914398074150085
0.002449088031426072
0.05411459878087044
0.12631529569625854
0.09833767265081406
0.0420529879629612
0.005369764287024736
0.10468178242444992
0.06532788276672363
0.00893214251846075
0.04264666885137558
0.06404055655002594
0.052939388900995255
0.08212480694055557
0.04199155792593956
0.06696970015764236
0.008453835733234882
0.0018404629081487656
0.07748457789421082
0.012312007136642933
0.21516557037830353
0.025692326948046684
0.0019178447546437383
0.08003505319356918
0.06298840045928955
0.005693001206964254
0.03331344947218895
0.13198843598365784
0.011980410665273666
0.01909470371901989
0.1212875247001648
0.009451323188841343
0.005954214371740818
0.0023458932992070913
0.029207225888967514
0.016513267531991005
0.009964450262486935
0.06699804216623306
0.02419295534491539
0.018367158249020576
0.01017272099852562
0.0378728024661541
0.04391227290034294
0.12807969748973846
0.07276123017072678
0.11490033566951752
0.07437065988779068
0.03012903220951557
0.04455529898405075
0.04766407981514931
0.14061026275157928
0.015874993056058884
0.019691428169608116
0.044322773814201355
0.03715452551841736
0.05502045527100563
0.005518883001059294
0.030729711055755615
0.0960003063082695
0.034089986234903336
0.13904006779193878
0.008804002776741982
0.07469981908798218
0.021874435245990753
0.07411109656095505
0.06882043927907944
0.004583570174872875
0.022495370358228683
0.005100445821881294
0.046457689255476
0.012937081046402454
0.15530551970005035
0.008323260582983494
0.009558497928082943
0.04276285320520401
0.017122782766819
0.08876138180494308
0.048068054020404816
0.0962822288274765
0.004613077268004417
0.02043313905596733
0.042410530149936676
0.02456876076757908
0.005831054411828518
0.010607157833874226
0.0008963796426542103
0.042694684118032455
0.002015051431953907
0.026349740102887154
0.05770161747932434
0.05178344249725342
0.0014525348087772727
0.02008790150284767
0.061259008944034576
0.05294729024171829
0.0010996684432029724
0.06597316265106201
0.12486197054386139
0.0716777965426445
0.034365881234407425
0.003158124629408121
0.0683111920952797
0.040056176483631134
0.00390686234459281
0.020436841994524002
0.05489981919527054
0.03207680583000183
0.029113799333572388
0.020378923043608665
0.01923949085175991
0.010489089414477348
0.0009487802162766457
0.0476396270096302
0.0066272118128836155
0.17281150817871094
0.02137114852666855
0.000723139732144773
0.04748377203941345
0.05736320838332176
0.004389786161482334
0.01888640969991684
0.09552118182182312
0.010732444003224373
0.01728598214685917
0.08570415526628494
0.002614670665934682
0.00280557107180357
0.0007110959268175066
0.01169978640973568
0.008774605579674244
0.00444084033370018
0.06728901714086533
0.025852220132946968
0.006757380440831184
0.001380885485559702
0.012934530153870583
0.025584343820810318
0.11973188072443008
0.09276704490184784
0.10679008066654205
0.044144563376903534
0.029721325263381004
0.017977239564061165
0.031265586614608765
0.14252135157585144
0.007062426768243313
0.006026616785675287
0.032998837530612946
0.021134881302714348
0.05168615281581879
0.0032883519306778908
0.015535589307546616
0.07357034087181091
0.00879662111401558
0.13322728872299194
0.0009787079179659486
0.04352497309446335
0.010691827163100243
0.052250005304813385
0.05736222490668297
0.001784037915058434
0.03250828757882118
0.006292378529906273
0.015768619254231453
0.010513033717870712
0.0930589959025383
0.007149836048483849
0.0010645004222169518
0.03184879571199417
0.010296880267560482
0.04950306937098503
0.02733340673148632
0.0869424119591713
0.00478504179045558
0.01800047792494297
0.027493832632899284
0.0224386528134346
0.007912161760032177
0.010635538026690483
0.0006665039691142738
0.03368757292628288
0.0009614332811906934
0.022211400792002678
0.0710739940404892
0.04032642021775246
0.0007944540702737868
0.010647785849869251
0.04544895887374878
0.038912128657102585
0.002310896059498191
0.037383049726486206
0.08088705688714981
0.06164713203907013
0.028430428355932236
0.0017048927256837487
0.05341552942991257
0.019637515768408775
0.003803168423473835
0.009339421056210995
0.02443004958331585
0.02258560247719288
0.019045069813728333
0.011040737852454185
0.009710751473903656
0.005709516815841198
0.0007120772497728467
0.03726017847657204
0.006315333768725395
0.1788681596517563
0.022720180451869965
0.00024354831839445978
0.01987581141293049
0.05264996364712715
0.0023445517290383577
0.00807743426412344
0.06270553171634674
0.006106669083237648
0.005115005653351545
0.05504455789923668
0.0006931917159818113
0.0014532938366755843
0.00024986942298710346
0.008901839144527912
0.004398497287184
0.004738949704915285
0.07006225734949112
0.01919221691787243
0.005971898324787617
0.0008113604271784425
0.0027919868007302284
0.012191666290163994
0.08870506286621094
0.07031303644180298
0.11289368569850922
0.026997659355401993
0.026386063545942307
0.01116839051246643
0.01384456641972065
0.16541731357574463
0.002686889376491308
0.0023043034598231316
0.03295379877090454
0.014511628076434135
0.024795956909656525
0.0047707268968224525
0.027110399678349495
0.04248768836259842
0.0056498097255826
0.1392194926738739
0.0004410824622027576
0.01770595647394657
0.0037037318106740713
0.019195102155208588
0.05060703679919243
0.0009765691356733441
0.03869636356830597
0.0035725459456443787
0.012520142830908298
0.004961810540407896
0.07317421585321426
0.010506789200007915
0.0004827766679227352
0.014498550444841385
0.007787483278661966
0.03996928036212921
0.021730786189436913
0.08033891022205353
0.003542764810845256
0.009539647959172726
0.013595826923847198
0.01481619756668806
0.005495206452906132
0.010259842500090599
0.0007115023327060044
0.024826645851135254
0.00048287148820236325
0.024953337386250496
0.06882944703102112
0.014725576154887676
0.0006405237363651395
0.012409697286784649
0.027505746111273766
0.028985243290662766
0.0035623470321297646
0.023664722219109535
0.0402042418718338
0.0497797429561615
0.027215449139475822
0.0009495933772996068
0.035618580877780914
0.015744393691420555
0.002503067022189498
0.006961898412555456
0.0090710474178195
0.019147813320159912
0.026613445952534676
0.008228624239563942
0.008387913927435875
0.000795261817984283
0.0004056994221173227
0.02032431587576866
0.0041549974121153355
0.18883022665977478
0.023924894630908966
0.0001418657338945195
0.006284748204052448
0.04377362132072449
0.004655748605728149
0.005796459969133139
0.04071270674467087
0.003906687721610069
0.0049021197482943535
0.025273626670241356
0.0004404074279591441
0.0017865386325865984
8.544191223336384e-05
0.006902896333485842
0.0030753901228308678
0.0035224680323153734
0.057398341596126556
0.022056713700294495
0.00272865011356771
0.0006011364748701453
0.0009670268627814949
0.009628995321691036
0.06631951779127121
0.08800619840621948
0.10999393463134766
0.008417259901762009
0.021551795303821564
0.010720127262175083
0.004318546503782272
0.15461599826812744
0.0018072080565616488
0.0020609425846487284
0.033809464424848557
0.010835028253495693
0.010640724562108517
0.006420585792511702
0.028511492535471916
0.024229563772678375
0.00357461697421968
0.1540202796459198
0.00031521794153377414
0.007273919880390167
0.0023316610604524612
0.0056140529923141
0.04584942385554314
0.0006955947610549629
0.03959645703434944
0.0015556770376861095
0.014903003349900246
0.0031470321118831635
0.055455293506383896
0.006764283869415522
0.0003272372705396265
0.009248620830476284
0.009338037110865116
0.0326806865632534
0.01572347804903984
0.06728082150220871
0.0025808296632021666
0.006266873795539141
0.015130064450204372
0.008626756258308887
0.0022484399378299713
0.004281625617295504
0.000479939510114491
0.010290008038282394
0.0003078384033869952
0.018331481143832207
0.05910087004303932
0.015239031985402107
0.00061972183175385
0.01020432636141777
0.010885034687817097
0.022140588611364365
0.0035613628569990396
0.016503706574440002
0.01645829901099205
0.03349447250366211
0.018858488649129868
0.0005433013429865241
0.015793608501553535
0.014365161769092083
0.0017100534169003367
0.005449708551168442
0.004519566427916288
0.010698193684220314
0.024993883445858955
0.01416813489049673
0.005297966301441193
0.0004883231013081968
0.0001861859200289473
0.009420241229236126
0.0027944380417466164
0.18666167557239532
0.01923125982284546
9.14027841645293e-05
0.0062546515837311745
0.03431612625718117
0.0033442052081227303
0.0033166231587529182
0.02439529076218605
0.00330812344327569
0.004385601729154587
0.0091042909771204
0.00038227683398872614
0.0013845269568264484
9.08688161871396e-05
0.006214853376150131
0.002924512140452862
0.002540898509323597
0.030703531578183174
0.009360179305076599
0.0009164080838672817
0.0005375348846428096
0.00045584439067170024
0.007256628479808569
0.046435125172138214
0.06340198963880539
0.10707174986600876
0.002360285958275199
0.008915947750210762
0.007404861971735954
0.0021343205589801073
0.1375139355659485
0.0013658432289958
0.0010770983062684536
0.01948949322104454
0.010789812542498112
0.008960624225437641
0.009957818314433098
0.026648083701729774
0.0071758548729121685
0.003786303335800767
0.15109962224960327
0.00026400716160424054
0.005160067230463028
0.0007325844489969313
0.002222907030954957
0.030491366982460022
0.00044391013216227293
0.029962196946144104
0.0011142458533868194
0.005281702149659395
0.002197089372202754
0.03903825953602791
0.005537750199437141
0.00023223445168696344
0.0024270820431411266
0.006786887068301439
0.02705511637032032
0.011710479855537415
0.06230608746409416
0.0018617933383211493
0.006016886327415705
0.011488357558846474
0.005926084239035845
0.0012939239386469126
0.001100021880120039
0.0002494781801942736
0.00532975560054183
0.00023735188005957752
0.0065958453342318535
0.05147446691989899
0.008141898550093174
0.00037556522875092924
0.008475788868963718
0.007406662218272686
0.017257243394851685
0.006600832100957632
0.01370312087237835
0.0027214183937758207
0.025082789361476898
0.009100140072405338
0.00025680166436359286
0.009634816087782383
0.006078421138226986
0.0014971940545365214
0.0045610349625349045
0.0033331052400171757
0.007482137531042099
0.024657590314745903
0.015412982553243637
0.0036129006184637547
0.00030603024060837924
0.000157944014063105
0.009507307782769203
0.0019023948116227984
0.18358708918094635
0.010922937653958797
5.99912709731143e-05
0.004032121505588293
0.021289769560098648
0.004739660304039717
0.0041914028115570545
0.013612180016934872
0.001870365347713232
0.017063505947589874
0.0038506968412548304
0.0002107291657011956
0.0022061022464185953
0.000125915787066333
0.00302511896006763
0.0012886235490441322
0.0014503775164484978
0.02259528450667858
0.0034908209927380085
0.0005858080694451928
0.0003291243046987802
0.00022818639990873635
0.005519397556781769
0.035409145057201385
0.04694792628288269
0.09681667387485504
0.0016192385228350759
0.00524667464196682
0.004238627851009369
0.001404796028509736
0.14609000086784363
0.0009249371360056102
0.0007196920923888683
0.011619951575994492
0.013157651759684086
0.007737541571259499
0.009714426472783089
0.016137728467583656
0.004029477946460247
0.0048853326588869095
0.1442173719406128
0.00020565453451126814
0.003556029172614217
0.00036239632754586637
0.0015840858686715364
0.0164391677826643
0.0002964136656373739
0.027606705203652382
0.0009024896426126361
0.004576297476887703
0.0013903368962928653
0.03386197239160538
0.005381764844059944
0.00018759409431368113
0.003085306379944086
0.004994805436581373
0.020212039351463318
0.007396711967885494
0.041510388255119324
0.0014167585177347064
0.0024982851464301348
0.005888557061553001
0.005183874629437923
0.0012458888813853264
0.0005836427444592118
0.00015637502656318247
0.00504316808655858
0.00018941688176710159
0.005598699674010277
0.05359048768877983
0.005953971296548843
0.00028422800824046135
0.00421641580760479
0.003852316178381443
0.012612874619662762
0.005024321842938662
0.014269240200519562
0.00074914435390383
0.019755786284804344
0.0038078513462096453
0.00014469531015492976
0.008492750115692616
0.0015484399627894163
0.000951039488427341
0.004412813112139702
0.003188409609720111
0.0060221063904464245
0.01461214292794466
0.010932045057415962
0.002346655121073127
0.00016046565724536777
6.615499296458438e-05
0.01102237869054079
0.0021066158078610897
0.1779288947582245
0.004477923735976219
6.819049303885549e-05
0.004481299314647913
0.015074427239596844
0.0033961215522140265
0.0027478111442178488
0.010643843561410904
0.0016306318575516343
0.018692603334784508
0.0027977274730801582
0.00016160673112608492
0.0034485170617699623
0.0001004514197120443
0.0027423519641160965
0.0006311163888312876
0.0016679726541042328
0.02036197856068611
0.0019591234158724546
0.00038703251630067825
0.0004053192969877273
0.0002048318274319172
0.005072177853435278
0.023214906454086304
0.02829568460583687
0.08855849504470825
0.0008766738465055823
0.0029152727220207453
0.003675982588902116
0.0012523422483354807
0.15144005417823792
0.0004979288205504417
0.0005850712186656892
0.005603158380836248
0.010492038913071156
0.0056753335520625114
0.0038713233079761267
0.009738706983625889
0.002790430560708046
0.004270561970770359
0.1408807784318924
0.00013671313354279846
0.002824153285473585
0.00021961327001918107
0.0008782774675637484
0.011343891732394695
0.00018488153000362217
0.0242803692817688
0.0008761627832427621
0.0021727446001023054
0.001187790185213089
0.01954701915383339
0.0058725252747535706
0.00015478412387892604
0.002294455887749791
0.0039974357932806015
0.016691599041223526
0.005164782516658306
0.026415226981043816
0.0012599314795807004
0.0013751047663390636
0.0033416938968002796
0.0025514548178762197
0.0010445968946442008
0.0003081170725636184
0.0002968225453514606
0.003564658109098673
0.00022118330525700003
0.005508837290108204
0.0534026212990284
0.004685685504227877
9.971769759431481e-05
0.0035290257073938847
0.0031583344098180532
0.011022716760635376
0.002141047501936555
0.014793253503739834
0.0005805696127936244
0.009877108037471771
0.0015241099754348397
9.230506111634895e-05
0.0026950251776725054
0.0010520750656723976
0.0015828541945666075
0.005329955834895372
0.003678645472973585
0.006548342760652304
0.009500082582235336
0.006928715854883194
0.001835516537539661
0.00010357887367717922
4.6008841309230775e-05
0.009773570112884045
0.0019841743633151054
0.1759686917066574
0.0020731459371745586
6.807829049648717e-05
0.0022815088741481304
0.01225967239588499
0.002037900034338236
0.00394321558997035
0.009214927442371845
0.001597989583387971
0.0033765952102839947
0.0026355283334851265
0.00015119514137040824
0.003869761014357209
7.998428191058338e-05
0.0028211218304932117
0.0004916453617624938
0.0017764776712283492
0.01694319024682045
0.0006127051310613751
0.00018403017020318657
0.0003807862813118845
0.00024289012071676552
0.0041722808964550495
0.011366816237568855
0.01554927695542574
0.0809362605214119
0.0005229531670920551
0.0015585403889417648
0.0030399742536246777
0.0011440389789640903
0.1387109011411667
0.00024708040291443467
0.000708297360688448
0.003497089259326458
0.01349806971848011
0.003431613789871335
0.0017801998183131218
0.0049623753875494
0.002717129187658429
0.0026035888586193323
0.14520564675331116
0.00013227725867182016
0.0021874592639505863
0.00014878936053719372
0.0007088869460858405
0.005751745775341988
0.00012470188084989786
0.014846010133624077
0.0006603855872526765
0.0012992620468139648
0.0011242637410759926
0.014660012908279896
0.005468315910547972
0.0001747038186294958
0.0034115032758563757
0.0024186924565583467
0.01533149741590023
0.004466990474611521
0.02110098861157894
0.0016969087300822139
0.0009229810675606132
0.0034333744551986456
0.002821581903845072
0.0009460243745706975
0.00019280555716250092
6.490504165412858e-05
0.0024267034605145454
0.00023174250964075327
0.0026835445314645767
0.05065641552209854
0.004233704414218664
8.384673128603026e-05
0.002371413866057992
0.0026565329171717167
0.00881984829902649
0.001716327271424234
0.011178947985172272
0.0005243704654276371
0.005634763278067112
0.0007702099974267185
4.7923833335516974e-05
0.0019821692258119583
0.000994610134512186
0.001759022707119584
0.004390415269881487
0.0029257284477353096
0.002983900485560298
0.008209947496652603
0.007277847267687321
0.0013310397043824196
6.667371053481475e-05
3.672710226965137e-05
0.00944217573851347
0.002580490196123719
0.1717490553855896
0.0015693223103880882
6.132639100542292e-05
0.0014522813726216555
0.009232893586158752
0.0024364120326936245
0.002452702959999442
0.0076551358215510845
0.0014441777020692825
0.0008242225158028305
0.0016165864653885365
0.00013694865629076958
0.002959460485726595
6.911292439326644e-05
0.003284536534920335
0.00032149083563126624
0.002047898480668664
0.013633208349347115
0.0003243893152102828
0.00016228364256676286
0.00043916210415773094
0.0003382345021236688
0.003695279825478792
0.007021781988441944
0.010274183005094528
0.07522175461053848
0.0003330539329908788
0.0008566106553189456
0.0024653892032802105
0.0008830089936964214
0.11352211236953735
9.959761518985033e-05
0.0004833329003304243
0.003227643668651581
0.012425371445715427
0.0022476695012301207
0.0012535430723801255
0.0023505541030317545
0.0019142599776387215
0.0026109202299267054
0.14545638859272003
6.914869300089777e-05
0.0013356372946873307
0.0001260544959222898
0.000640828104224056
0.003702369285747409
6.474524707300588e-05
0.007372146937996149
0.0007956518093124032
0.0008239576127380133
0.0011971580097451806
0.013235490769147873
0.0049147228710353374
0.00012834317749366164
0.003471446456387639
0.001414058730006218
0.01350244227796793
0.003512071445584297
0.015357807278633118
0.00134723458904773
0.0006726025021634996
0.003426404669880867
0.0015852911164984107
0.0010028915712609887
0.00012699780927505344
5.772315853391774e-05
0.0017103025456890464
0.0002768885751720518
0.0013720691204071045
0.039374954998493195
0.0035062129609286785
7.076369365677238e-05
0.0016921699279919267
0.0023523729760199785
0.005959538277238607
0.0010300042340531945
0.008257144130766392
0.00035044318065047264
0.004566624760627747
0.0004158879164606333
2.7473368390928954e-05
0.0014597567496821284
0.0006590093253180385
0.0016532225999981165
0.0033083364833146334
0.00210945145227015
0.002631385810673237
0.0073349629528820515
0.00506945513188839
0.0012578123714774847
4.905632886220701e-05
2.3400230929837562e-05
0.005412484053522348
0.0027326929848641157
0.16923834383487701
0.0006111435941420496
4.1305502236355096e-05
0.0013816520804539323
0.005593638867139816
0.0022215712815523148
0.0018729011062532663
0.006488464307039976
0.0011364830425009131
0.0003175906604155898
0.0010406424989923835
0.00011711525439750403
0.0028194477781653404
5.356582551030442e-05
0.0025262394919991493
0.0004346198111306876
0.002151693217456341
0.011644474230706692
0.00033028441248461604
0.00016340534784831107
0.0004659300611820072
0.0002474478096701205
0.002480743918567896
0.005178987514227629
0.012043874710798264
0.0732957199215889
0.0002583459427114576
0.0008986277389340103
0.0015552322147414088
0.0006906589260324836
0.10036686062812805
5.682937626261264e-05
0.0003928790392819792
0.002809779718518257
0.01180863194167614
0.0015417730901390314
0.0014149328926578164
0.0018486719345673919
0.002184817334637046
0.0021751858294010162
0.1533157080411911
4.46985250164289e-05
0.0009750621393322945
9.015265095513314e-05
0.0006685067783109844
0.0021184023935347795
4.412232374306768e-05
0.004760341718792915
0.0007996932836249471
0.0007914077141322196
0.0012634465238079429
0.011033957824110985
0.003331284737214446
0.00010859414760489017
0.004208692815154791
0.0010028795804828405
0.017434366047382355
0.0035642567090690136
0.010963785462081432
0.0010489417472854257
0.0006779376417398453
0.0018112717662006617
0.0013689271872863173
0.0009618964977562428
7.647173333680257e-05
2.555564060457982e-05
0.0016042920760810375
0.0002537635446060449
0.0009650769061408937
0.028424104675650597
0.0020355028100311756
4.892212018603459e-05
0.0012569845421239734
0.002269608899950981
0.003264473518356681
0.0008561426657252014
0.007086691912263632
0.00030718938796781003
0.003285403363406658
0.00031522917561233044
1.6253277863143012e-05
0.0010375016136094928
0.0005065221339464188
0.0008420308004133403
0.0022239384707063437
0.0015281076775863767
0.002131182700395584
0.006061343010514975
0.003750501200556755
0.0012446424225345254
3.918568108929321e-05
1.5442457879544236e-05
0.004557728301733732
0.002749473787844181
0.165883868932724
0.0003396265674382448
2.3605894966749474e-05
0.001789669506251812
0.005063197575509548
0.0021319387014955282
0.0009845875902101398
0.006167070008814335
0.0009415096137672663
0.0003584066580515355
0.0007694564410485327
9.642632358008996e-05
0.0015044348547235131
4.439592157723382e-05
0.001804640400223434
0.0004487726546358317
0.0035817213356494904
0.009917302057147026
0.00033456293749623
0.00013458136527333409
0.0005253903800621629
0.00021001440472900867
0.0017862627282738686
0.003190775169059634
0.008110861293971539
0.06832142174243927
0.00023804085503797978
0.0005884057027287781
0.001483370317146182
0.0007626195438206196
0.08988168835639954
3.070378443226218e-05
0.0002415304770693183
0.002213144674897194
0.008200244978070259
0.0010572741739451885
0.0009250315488316119
0.0014385516988113523
0.0017451407620683312
0.0015161910559982061
0.14969556033611298
3.260056837461889e-05
0.0008920920663513243
0.00010250588820781559
0.0006555296131409705
0.0011723644565790892
2.8215010388521478e-05
0.0018951367819681764
0.0009019023273140192
0.000643941224552691
0.0011116189416497946
0.007897770963609219
0.002364003099501133
0.00010512928565731272
0.00373639864847064
0.0006407427717931569
0.019095873460173607
0.0032951764296740294
0.009386307559907436
0.0010911014396697283
0.0006222791853360832
0.0016649487661197782
0.001122513902373612
0.0008009385783225298
5.3091192967258394e-05
1.2731258721032646e-05
0.0013962679076939821
0.00016240224067587405
0.0007605237187817693
0.019021624699234962
0.0011653341352939606
3.450732765486464e-05
0.001140061067417264
0.0023189308121800423
0.0021951566450297832
0.0005269222310744226
0.004505131393671036
0.0002466859295964241
0.0024964180774986744
0.0002224081108579412
8.70362146088155e-06
0.0007053880835883319
0.0005009507294744253
0.0005366335390135646
0.0019869315437972546
0.0012360831024125218
0.0017765361117199063
0.005235425196588039
0.0038429265841841698
0.0011497061932459474
3.635815664893016e-05
1.0396420293545816e-05
0.004229626152664423
0.002432876033708453
0.16439160704612732
0.00022928780526854098
1.7666352505329996e-05
0.0008902354165911674
0.0061278147622942924
0.002535601146519184
0.0006669716094620526
0.005747705698013306
0.0006167569081299007
0.0004240819835104048
0.000663961167447269
7.58970418246463e-05
0.0010287107434123755
3.5039767681155354e-05
0.0012753484770655632
0.0005275114672258496
0.0030860984697937965
0.0077980575151741505
0.00037867840728722513
0.0001518925273558125
0.0005366489058360457
0.00023739825701341033
0.0012322725960984826
0.0021315203048288822
0.00637324433773756
0.06945914030075073
0.0002474696666467935
0.0004385869833640754
0.0010086782276630402
0.0008976550307124853
0.06893457472324371
2.191936073359102e-05
0.00015196902677416801
0.0013458967441692948
0.006256384309381247
0.000616472854744643
0.000802593887783587
0.0011415693443268538
0.0015480315778404474
0.0009765634313225746
0.1425146460533142
2.5705281586851925e-05
0.0005493805510923266
0.00011543906293809414
0.000634097377769649
0.000868798466399312
2.1396881493274122e-05
0.001198877114802599
0.0006885960465297103
0.0004993759794160724
0.0010002430062741041
0.006598607636988163
0.0017350116977468133
8.119937410810962e-05
0.0037527144886553288
0.00038567144656553864
0.015974458307027817
0.003651392413303256
0.009076884016394615
0.0012158537283539772
0.0007393312407657504
0.0012466063490137458
0.0008240245515480638
0.000761005561798811
4.444234218681231e-05
8.45945851324359e-06
0.001064921380020678
8.811389852780849e-05
0.000617755635175854
0.014754313975572586
0.000883024069480598
3.0556813726434484e-05
0.001137085142545402
0.002668473869562149
0.001450838753953576
0.0003101940092165023
0.003490105737000704
0.00017518209642730653
0.001877392060123384
0.00015603919746354222
5.714414328394923e-06
0.00047861537314020097
0.00040192753658629954
0.0004420823825057596
0.0016635474748909473
0.001005445490591228
0.0017883296823129058
0.004287483170628548
0.004087075125426054
0.0008607792551629245
4.019747211714275e-05
8.508017344865948e-06
0.004298928659409285
0.0024105252232402563
0.16214260458946228
0.00016163576219696552
1.169802726508351e-05
0.0007166507421061397
0.007471464108675718
0.0026058065705001354
0.0005991685902699828
0.0049934787675738335
0.0005049514002166688
0.0003804628795478493
0.0005729978438466787
8.112762589007616e-05
0.0006480886368080974
3.491116513032466e-05
0.0011887544533237815
0.0003725357528310269
0.0017719578463584185
0.005173935554921627
0.0005605177138932049
0.0001449889678042382
0.0006027016788721085
0.00013225924340076745
0.0008680227911099792
0.0016453866846859455
0.005092932377010584
0.07327963411808014
0.00033893220825120807
0.0002484380966052413
0.0006677482160739601
0.0009017980191856623
0.06925281137228012
1.4206581909093075e-05
7.312457455554977e-05
0.0014132547657936811
0.004875584971159697
0.0005279792821966112
0.0007030250271782279
0.0011502577690407634
0.0013221511617302895
0.000872204836923629
0.13137535750865936
2.1654090232914314e-05
0.0003498663136269897
0.00011400754010537639
0.0006586067029275
0.0007134751649573445
1.6559984942432493e-05
0.0007862705388106406
0.0005157844861969352
0.00045057974057272077
0.0009661059593781829
0.005163366906344891
0.0010968062561005354
7.697482215007767e-05
0.003367517376318574
0.00024868102627806365
0.01598360203206539
0.0038298640865832567
0.006641142535954714
0.0015158526366576552
0.0005721241468563676
0.00106429448351264
0.0008809612481854856
0.0007004605722613633
3.5529392334865406e-05
7.53205995351891e-06
0.0008728329557925463
5.486242662300356e-05
0.0004601654945872724
0.011029250919818878
0.0008289755787700415
2.4845689040375873e-05
0.0011050197063013911
0.0024156863801181316
0.001203645602799952
0.0002110401401296258
0.0024530442897230387
8.724186045583338e-05
0.001666122698225081
0.00010961646330542862
3.529654804879101e-06
0.00043669366277754307
0.00034384537138976157
0.0004425681254360825
0.0013364152982831001
0.0009573791176080704
0.0014134307857602835
0.0035511308815330267
0.00503005925565958
0.0007407103548757732
4.479715062188916e-05
7.735158760624472e-06
0.004283914342522621
0.0021574199199676514
0.156846284866333
0.0001280854339711368
8.392341442231555e-06
0.0005179427680559456
0.006225524004548788
0.003228509798645973
0.000561739201657474
0.003912804648280144
0.0004450701526366174
0.0003710970631800592
0.0005019496893510222
0.00011101366544608027
0.00042167355422861874
3.4943848731927574e-05
0.001456968137063086
0.00046599606866948307
0.0010775330010801554
0.003067653626203537
0.0007753148674964905
0.00013202916306909174
0.0005390520091168582
0.00011902975529665127
0.0007156295469030738
0.001330300234258175
0.0027515431866049767
0.07478322088718414
0.0004685666935984045
0.00018618068133946508
0.0004610795294865966
0.0009321810794062912
0.06065887585282326
1.0256677342113107e-05
4.841275222133845e-05
0.0012265278492122889
0.004407152533531189
0.0003909266961272806
0.0006782505661249161
0.0010655320947989821
0.0011128123151138425
0.0006979773752391338
0.11622083187103271
1.995031925616786e-05
0.00026047450955957174
0.00010798039147630334
0.0006237474735826254
0.0007163331029005349
1.556398274260573e-05
0.0006062856409698725
0.00044788880040869117
0.00038017219048924744
0.0010562003590166569
0.004015819169580936
0.0007955661858431995
6.368540198309347e-05
0.0028823623433709145
0.00019283656729385257
0.01335499994456768
0.0029199006967246532
0.005013774149119854
0.0015922882594168186
0.000528637960087508
0.001045535085722804
0.000992955407127738
0.0007209776085801423
2.0034443878103048e-05
5.297145889926469e-06
0.0005716601735912263
3.989011747762561e-05
0.0003536856092978269
0.009058495983481407
0.0005559942219406366
2.3922537366161123e-05
0.0011618122225627303
0.002252833219245076
0.000872583594173193
0.00021216993627604097
0.0017499246168881655
8.782641816651449e-05
0.001335440087132156
7.155684579629451e-05
2.5350313990202267e-06
0.00031415073317475617
0.0003175511956214905
0.0005248619127087295
0.0010364389745518565
0.0009031605441123247
0.0013594571501016617
0.0025977864861488342
0.005788072943687439
0.0006669911672361195
4.836367952520959e-05
7.3347655416000634e-06
0.004451016895473003
0.002303401008248329
0.1547023355960846
0.0001102622554753907
7.1798995122662745e-06
0.0005185772897675633
0.008138392120599747
0.004545710515230894
0.0006675304612144828
0.0025500499177724123
0.0004026444221381098
0.00025920136249624193
0.0004047465045005083
0.00010664323781384155
0.000304256594972685
3.866435508825816e-05
