2.3169093132019043
2.1154603958129883
1.9897230863571167
0.9570135474205017
0.604411244392395
0.7233331799507141
0.3511684834957123
0.3536531329154968
0.7961078882217407
0.2756273150444031
0.2769717276096344
0.31078478693962097
0.36630740761756897
0.2367185354232788
0.1699516326189041
0.24860745668411255
0.2796550989151001
0.13803914189338684
0.34500277042388916
0.1592831313610077
0.12010621279478073
0.14373180270195007
0.13352593779563904
0.5679311752319336
0.20144543051719666
0.33319276571273804
0.18002808094024658
0.15071305632591248
0.08128771930932999
0.13507607579231262
0.2568293809890747
0.265442430973053
0.041069213300943375
0.08477096259593964
0.035225775092840195
0.10293414443731308
0.066716767847538
0.25156065821647644
0.04001493752002716
0.1281348019838333
0.04722171649336815
0.09380481392145157
0.17784205079078674
0.1848199963569641
0.11917584389448166
0.06490933895111084
0.11261657625436783
0.13498564064502716
0.08443978428840637
0.17396657168865204
0.07342663407325745
0.03679807111620903
0.1293189972639084
0.019418485462665558
0.07689981907606125
0.14973944425582886
0.10681251436471939
0.015825899317860603
0.12447625398635864
0.10481090843677521
0.09091008454561234
0.004485378507524729
0.09287916868925095
0.1678261011838913
0.13308005034923553
0.07907883822917938
0.031845513731241226
0.1530061960220337
0.15586978197097778
0.021955840289592743
0.07659560441970825
0.14991432428359985
0.08714640885591507
0.20489171147346497
0.12046810239553452
0.10882449895143509
0.03770168498158455
0.012660836800932884
0.12031995505094528
0.04484910890460014
0.23986944556236267
0.0876184031367302
0.09118727594614029
0.09076409786939621
0.093404620885849
0.01899082399904728
0.08523861318826675
0.13152840733528137
0.0639284998178482
0.07746526598930359
0.14583232998847961
0.04147737845778465
0.004793576896190643
0.0036138410214334726
0.05834070220589638
0.01786578819155693
0.03827058523893356
0.0925011858344078
0.024782540276646614
0.04914182424545288
0.04453236609697342
0.07203610241413116
0.047436270862817764
0.13779130578041077
0.09788043051958084
0.15510787069797516
0.09005749225616455
0.046394214034080505
0.0971379280090332
0.06743530184030533
0.10601788759231567
0.02399817295372486
0.058764394372701645
0.06302812695503235
0.07724107801914215
0.06344399601221085
0.014841784723103046
0.13307642936706543
0.13504579663276672
0.1009950041770935
0.16335275769233704
0.041087713092565536
0.026294929906725883
0.03380103409290314
0.09165865927934647
0.09800892323255539
0.009333066642284393
0.02048463001847267
0.005170220509171486
0.0855131596326828
0.04892194643616676
0.1888648271560669
0.004269476048648357
0.0350179485976696
0.030644750222563744
0.021471701562404633
0.15940061211585999
0.08910009264945984
0.09003354609012604
0.015469643287360668
0.03976576775312424
0.06162011995911598
0.053316712379455566
0.0371711440384388
0.02772047556936741
0.002595942234620452
0.045647189021110535
0.0057998220436275005
0.030070656910538673
0.07149649411439896
0.07035136967897415
0.0025552071165293455
0.04982226341962814
0.08355987071990967
0.06917091459035873
0.0020632962696254253
0.052756763994693756
0.1267392486333847
0.09329783916473389
0.04978511855006218
0.004105167929083109
0.09631769359111786
0.08920808136463165
0.008094778284430504
0.043442483991384506
0.0727875828742981
0.06614036113023758
0.08418114483356476
0.04802747070789337
0.040098886936903
0.013323471881449223
0.002474364126101136
0.07761815190315247
0.012410541996359825
0.21002031862735748
0.026381269097328186
0.0024245555978268385
0.08176539093255997
0.0710296481847763
0.006693870294839144
0.04328520968556404
0.12092117220163345
0.010977120138704777
0.022936519235372543
0.10483593493700027
0.01633414253592491
0.0031659279484301805
0.0056847380474209785
0.020582910627126694
0.014018443413078785
0.010117564350366592
0.08867376297712326
0.019102798774838448
0.0152879748493433
0.010219152085483074
0.04759259521961212
0.04069660231471062
0.11481909453868866
0.10708994418382645
0.13020510971546173
0.07584434002637863
0.043490443378686905
0.04661580175161362
0.06039363518357277
0.11513973772525787
0.021165627986192703
0.025587836280465126
0.042876847088336945
0.03265184536576271
0.05241047963500023
0.005622830707579851
0.022776339203119278
0.08851516991853714
0.03206975758075714
0.141944020986557
0.006327902898192406
0.057653769850730896
0.028867822140455246
0.04808677360415459
0.0699772983789444
0.003943135961890221
0.02268894761800766
0.005121557507663965
0.02660260535776615
0.019998548552393913
0.14890091121196747
0.005069142673164606
0.007329647894948721
0.05473785102367401
0.014322434552013874
0.10635839402675629
0.04857732728123665
0.09976069629192352
0.006723024882376194
0.023852085694670677
0.04167977347970009
0.034014128148555756
0.01378602534532547
0.008385612629354
0.0010501876240596175
0.04339742287993431
0.002560719847679138
0.016838036477565765
0.07519742846488953
0.041012149304151535
0.00115784234367311
0.018929580226540565
0.06452964246273041
0.060643889009952545
0.0011302904458716512
0.0553467832505703
0.10344432294368744
0.07481539994478226
0.03521658107638359
0.0038905791006982327
0.06309302151203156
0.04008742421865463
0.0024531579110771418
0.024703482165932655
0.06408798694610596
0.03781023621559143
0.0473468117415905
0.021229730919003487
0.01391187310218811
0.008815199136734009
0.0013616970973089337
0.04702199622988701
0.007804068271070719
0.17800405621528625
0.023242218419909477
0.0007247328176163137
0.04332035779953003
0.057181913405656815
0.0053976550698280334
0.021094679832458496
0.0903424620628357
0.007700783666223288
0.005660827737301588
0.08390402048826218
0.002232443308457732
0.0027470195200294256
0.0011520438129082322
0.012069614604115486
0.0072554536163806915
0.004150261636823416
0.08314798772335052
0.024135615676641464
0.009418539702892303
0.001394021906889975
0.015543092042207718
0.029912933707237244
0.08573221415281296
0.09755725413560867
0.11422562599182129
0.03379920870065689
0.03802109882235527
0.015360184013843536
0.04802485182881355
0.14024358987808228
0.008930844254791737
0.008943912573158741
0.021373147144913673
0.020995669066905975
0.028478864580392838
0.00538380304351449
0.01806507259607315
0.05589059740304947
0.014041842892765999
0.14583787322044373
0.0010386992944404483
0.032817237079143524
0.009693817235529423
0.0413343608379364
0.05870572477579117
0.0017251656390726566
0.04063940793275833
0.007143787574023008
0.01232872623950243
0.010453508235514164
0.09035385400056839
0.0045989686623215675
0.0024569942615926266
0.03207686170935631
0.008331936784088612
0.06042075529694557
0.027895623818039894
0.09156137704849243
0.005133714061230421
0.02047283574938774
0.03563510626554489
0.02571391686797142
0.013123434968292713
0.008143139071762562
0.0008369525312446058
0.041451048105955124
0.0010913615114986897
0.009826968424022198
0.07230702042579651
0.03432641923427582
0.0006014929967932403
0.011683115735650063
0.03985188156366348
0.04668515548110008
0.0015137185109779239
0.029481887817382812
0.08511952310800552
0.06627694517374039
0.027750251814723015
0.002307452028617263
0.05085767060518265
0.018955547362565994
0.0023793159052729607
0.014763484708964825
0.031120548024773598
0.02112007327377796
0.027469366788864136
0.011321267113089561
0.009548822417855263
0.0017776862950995564
0.0011825606925413013
0.04043571278452873
0.007742447312921286
0.18332074582576752
0.029931634664535522
0.00030147985671646893
0.01677103340625763
0.043069250881671906
0.010339491069316864
0.014254816807806492
0.06067688390612602
0.005641737952828407
0.0018600092735141516
0.05406074598431587
0.0009248754940927029
0.0014133104123175144
0.00017647602362558246
0.008732600137591362
0.0025038190651685
0.003907280042767525
0.09287141263484955
0.021294018253684044
0.0040251994505524635
0.0006204113597050309
0.0026199682615697384
0.018329966813325882
0.0670320987701416
0.08833351731300354
0.12554053962230682
0.008573831990361214
0.03083050064742565
0.007757263723760843
0.014288178645074368
0.15342092514038086
0.005287713371217251
0.004853322636336088
0.010967160575091839
0.01722964085638523
0.01357851643115282
0.005000948440283537
0.017291314899921417
0.04527103155851364
0.00629399111494422
0.13807079195976257
0.00039143930189311504
0.012327609583735466
0.005278462078422308
0.019446508958935738
0.056841976940631866
0.0006016310071572661
0.040207114070653915
0.005148162133991718
0.008946027606725693
0.005354213993996382
0.0684078112244606
0.005920632276684046
0.0006325117428787053
0.014853955246508121
0.007871037349104881
0.046972520649433136
0.013983226381242275
0.08855161815881729
0.006067904643714428
0.013253515586256981
0.022229690104722977
0.020414704456925392
0.007024301681667566
0.007325220853090286
0.002240706468001008
0.038616325706243515
0.00042123396997340024
0.009299890138208866
0.04526606947183609
0.024599334225058556
0.0005142948939464986
0.011091995984315872
0.02722409926354885
0.03335810825228691
0.0014224846381694078
0.02209535241127014
0.05230887234210968
0.0536297969520092
0.02248375304043293
0.0011355907190591097
0.023539770394563675
0.009499008767306805
0.00337183172814548
0.00843762420117855
0.011693891137838364
0.011373818852007389
0.025388620793819427
0.008407175540924072
0.0069059752859175205
0.0007063484517857432
0.0004794792621396482
0.03360780328512192
0.006829784717410803
0.18857808411121368
0.03700865060091019
0.0001796041033230722
0.012744160369038582
0.032660458236932755
0.0071671754121780396
0.005410508252680302
0.054268039762973785
0.0036775588523596525
0.0026564549189060926
0.016430407762527466
0.0006357324891723692
0.0018081816378980875
0.00013848008529748768
0.005059568211436272
0.00520231993868947
0.0034723926801234484
0.07781583070755005
0.016813239082694054
0.0020124271977692842
0.0003653966705314815
0.0009082109900191426
0.016244398429989815
0.05695279315114021
0.07014180719852448
0.12553027272224426
0.004184016026556492
0.02876068837940693
0.005102468188852072
0.004209140781313181
0.15699364244937897
0.0030224930960685015
0.0028922674246132374
0.017043044790625572
0.016084222123026848
0.00524638406932354
0.004593421705067158
0.01570763811469078
0.023292141035199165
0.004490359220653772
0.12737160921096802
0.0002916429948527366
0.007371977902948856
0.0018359426176175475
0.014804226346313953
0.04388705641031265
0.0004913851153105497
0.032623954117298126
0.0024622688069939613
0.006873636972159147
0.0027277995832264423
0.05143329128623009
0.004866116680204868
0.0005393408937379718
0.007302864454686642
0.006376973353326321
0.03360457345843315
0.012562407180666924
0.07469312101602554
0.0025665322318673134
0.004519456997513771
0.020108023658394814
0.016186879947781563
0.0057629612274467945
0.002928774571046233
0.000262867019046098
0.019657151773571968
0.0002253916027257219
0.009539853781461716
0.053970929235219955
0.010779261589050293
0.0008840936934575438
0.007229743991047144
0.017338676378130913
0.024691058322787285
0.0016774852992966771
0.013470311649143696
0.017512548714876175
0.039203763008117676
0.009437804110348225
0.00034766749013215303
0.011072524823248386
0.006854930892586708
0.001987836789339781
0.005880578886717558
0.007267962675541639
0.008720708079636097
0.020049408078193665
0.011155957356095314
0.003725646296516061
0.0003205072716809809
0.00030737827182747424
0.014394091442227364
0.0032778289169073105
0.1800919771194458
0.023601459339261055
9.019762364914641e-05
0.010244912467896938
0.015143031254410744
0.007112966850399971
0.003611616790294647
0.04135335236787796
0.002477867528796196
0.004412574227899313
0.011083179153501987
0.0004878746112808585
0.0017214734107255936
0.00010786931670736521
0.0026569461915642023
0.006528921891003847
0.005218694917857647
0.06196720898151398
0.00719575397670269
0.0012367380550131202
0.00029294920386746526
0.0006929050432518125
0.010800378397107124
0.02827650122344494
0.06345842778682709
0.11685101687908173
0.0020552363712340593
0.018554914742708206
0.002641289960592985
0.0014412126038223505
0.13734565675258636
0.0016827627550810575
0.0010624418500810862
0.013784825801849365
0.012181222438812256
0.004514830186963081
0.0031587465200573206
0.016164055094122887
0.006302877329289913
0.003992749843746424
0.1297026425600052
0.00022506568348035216
0.003703431924805045
0.0003663294482976198
0.010661857202649117
0.03643890842795372
0.00030962907476350665
0.028405040502548218
0.0015286430716514587
0.004363467916846275
0.0021616253070533276
0.029971586540341377
0.004690891597419977
0.00033267648541368544
0.0023161270655691624
0.0056703886948525906
0.023426581174135208
0.010724960826337337
0.05759451165795326
0.001749945105984807
0.0036792797036468983
0.0149712935090065
0.007302646059542894
0.0038585520815104246
0.0018736266065388918
0.00032240775180980563
0.012253981083631516
0.00010882841161219403
0.00576695054769516
0.04676946997642517
0.006309315096586943
0.0006566751399077475
0.008810407482087612
0.010365856811404228
0.018781226128339767
0.0019706489983946085
0.011852750554680824
0.005015937611460686
0.033585820347070694
0.008862202987074852
0.00016027744277380407
0.004378983750939369
0.0034680680837482214
0.0018554498674347997
0.004620789550244808
0.005196212325245142
0.004934564232826233
0.013736727647483349
0.013736010529100895
0.0025646693538874388
0.0002208492369391024
0.0002087766770273447
0.008546870201826096
0.003157480387017131
0.1851399838924408
0.01214180514216423
8.886770228855312e-05
0.006054586265236139
0.013587637804448605
0.0035955323837697506
0.0020582734141498804
0.03061552345752716
0.00207720254547894
0.005538477562367916
0.0041228230111300945
0.00024304352700710297
0.0012350862380117178
9.887801570584998e-05
0.0019554062746465206
0.004504787735641003
0.0013259653933346272
0.03661969676613808
0.0029919021762907505
0.0010108897695317864
0.0003201956569682807
0.00036176948924548924
0.008719167672097683
0.007678002119064331
0.034925490617752075
0.12172551453113556
0.0012134155258536339
0.010416009463369846
0.002136148978024721
0.0007214660290628672
0.13115361332893372
0.0009769601747393608
0.0005390988662838936
0.012010033242404461
0.006988442037254572
0.004575919825583696
0.001844249083660543
0.010232365690171719
0.002515270607545972
0.0038561364635825157
0.12908856570720673
0.0001611073239473626
0.0031614748295396566
0.00018321548122912645
0.003323930548503995
0.034665536135435104
0.0002158212155336514
0.023128142580389977
0.0013096536276862025
0.002668892964720726
0.001272187801077962
0.017116723582148552
0.004965823143720627
0.000253839825745672
0.002260592533275485
0.006298721767961979
0.022406095638871193
0.006527700461447239
0.038633525371551514
0.0010945851681753993
0.002786278026178479
0.012223579920828342
0.004750343970954418
0.002389446832239628
0.000881665968336165
6.370159826474264e-05
0.005818537436425686
9.02289611985907e-05
0.003358876798301935
0.05051103234291077
0.005688732489943504
0.00044011595309711993
0.004811035003513098
0.00756174698472023
0.011636870913207531
0.0013643392594531178
0.009470226243138313
0.0034106490202248096
0.02023722603917122
0.0026026873383671045
9.774993668543175e-05
0.0033493153750896454
0.0025074670556932688
0.00394395599141717
0.004033054690808058
0.004350973293185234
0.00279162242077291
0.00941911805421114
0.009737953543663025
0.0018678149208426476
0.00016754178795963526
0.0001312189269810915
0.006633218843489885
0.002514650346711278
0.18286007642745972
0.009403223171830177
6.476478301919997e-05
0.007046433165669441
0.009457694366574287
0.002933437004685402
0.001537360018119216
0.017165573313832283
0.0015233659651130438
0.003109154524281621
0.0023834174498915672
0.00014271769032347947
0.0014218608848750591
8.499529212713242e-05
0.0013361228629946709
0.0022137826308608055
0.0008960425038821995
0.03025757521390915
0.0010171255562454462
0.0007590916357003152
0.0004313820390962064
0.0003623839875217527
0.006592683959752321
0.003886071965098381
0.01810077577829361
0.12287863343954086
0.0010086004622280598
0.003632856998592615
0.0013120598159730434
0.000709595566149801
0.12135249376296997
0.0005964839947409928
0.0005013681366108358
0.007284142076969147
0.006781197153031826
0.004532568156719208
0.001047533005475998
0.00920072291046381
0.0015333748888224363
0.0030934761743992567
0.11863308399915695
0.00011455296771600842
0.0022914698347449303
0.00018807660671882331
0.0020407799165695906
0.028475746512413025
0.0001339465525234118
0.027736708521842957
0.0013786976924166083
0.0006384084699675441
0.000919004378374666
0.016955038532614708
0.0037040819879621267
0.0002139210409950465
0.001424567773938179
0.005843425169587135
0.023122385144233704
0.005169197451323271
0.017278002575039864
0.001160448999144137
0.0016209580935537815
0.006426333449780941
0.0035470915026962757
0.0018936323467642069
0.0004009539261460304
4.0817412809701636e-05
0.003290779422968626
9.090655657928437e-05
0.004231759812682867
0.03583331033587456
0.004542319569736719
0.0004562886315397918
0.003621027572080493
0.006408942397683859
0.008048231713473797
0.0007635117508471012
0.005873863119632006
0.0008821521187201142
0.01302003487944603
0.0016795671544969082
0.00010060915519716218
0.0020123966969549656
0.0015332672046497464
0.002043618820607662
0.004421710502356291
0.0032214296516031027
0.003083654446527362
0.005288552027195692
0.008659157902002335
0.0016591212479397655
0.00012515336857177317
9.695655899122357e-05
0.006848334334790707
0.0028396735433489084
0.16844655573368073
0.004294269252568483
7.444350194418803e-05
0.005017424467951059
0.007405863143503666
0.0038454337045550346
0.001142231049016118
0.01712009683251381
0.0013700334820896387
0.003151879645884037
0.0019271818455308676
0.00016116119513753802
0.0009242914384230971
7.130749145289883e-05
0.0016283923760056496
0.0017234331462532282
0.0011189525248482823
0.02150026150047779
0.001042608404532075
0.0005072216154076159
0.00042881484841927886
0.0005502512212842703
0.0035457785706967115
0.002898875856772065
0.008114234544336796
0.11822211742401123
0.0005218019941821694
0.001575895119458437
0.0012950235977768898
0.00039716021274216473
0.1068410575389862
0.0004224391595926136
0.00045906449668109417
0.004727313295006752
0.006983185652643442
0.00398305244743824
0.0008990622009150684
0.0059896428138017654
0.0012723308755084872
0.002086082473397255
0.12432476878166199
6.190255953697488e-05
0.0011371782748028636
0.0001924279349623248
0.001391999190673232
0.021522175520658493
8.126175816869363e-05
0.02039896324276924
0.0014121206477284431
0.0002963179722428322
0.0006930063245818019
0.014028172940015793
0.003322087461128831
0.00015453620289918035
0.0013542809756472707
0.00473011052235961
0.020728761330246925
0.003966943826526403
0.01184089295566082
0.001371307298541069
0.0010269215563312173
0.005941873881965876
0.003372193081304431
0.0017445378471165895
0.00026430957950651646
4.807520963368006e-05
0.0020204505417495966
6.880170258227736e-05
0.004799173213541508
0.03499401733279228
0.004783378913998604
0.0003848005726467818
0.002939237281680107
0.004037187900394201
0.0067854998633265495
0.00021849044424016029
0.0035902156960219145
0.0003709068987518549
0.006277862936258316
0.0009303347324021161
6.643621600233018e-05
0.0012341875117272139
0.0011138503905385733
0.0013156329514458776
0.003376215463504195
0.0022298700641840696
0.001948129734955728
0.005161869339644909
0.006520853377878666
0.0011026174761354923
7.771634409436956e-05
6.48688874207437e-05
0.005009006708860397
0.00335202319547534
0.16269727051258087
0.001571598113514483
6.606178067158908e-05
0.0027453377842903137
0.005069018341600895
0.005338430870324373
0.000790455553214997
0.014471299014985561
0.0016053844010457397
0.002893927041441202
0.0015124673955142498
0.00017995436792261899
0.00048727216199040413
6.101682811276987e-05
0.0016177018405869603
0.001065062708221376
0.0011695553548634052
0.017004724591970444
0.0010837293229997158
0.00022116635227575898
0.0003910512605216354
0.000541514134965837
0.002801344497129321
0.0021921885199844837
0.0033330966252833605
0.10838106274604797
0.00041566480649635196
0.001357370987534523
0.0011170337675139308
0.00020482466788962483
0.1069042757153511
0.0003233978059142828
0.000280345935607329
0.002738370094448328
0.007159189786761999
0.0034451561514288187
0.0008066552109085023
0.0043999990448355675
0.0013287803158164024
0.0017401388613507152
0.11837781220674515
3.98305564885959e-05
0.0008847003919072449
0.0002078541147056967
0.0011684064520522952
0.012611930258572102
5.4108724725665525e-05
0.012868067249655724
0.0011531447526067495
0.00017261829634662718
0.00047588293091394007
0.009557023644447327
0.0031283185817301273
0.00011703265772666782
0.0014151951763778925
0.0022028950043022633
0.018196353688836098
0.003552720183506608
0.01040681079030037
0.0012602241476997733
0.0008536187815479934
0.003735010279342532
0.003094116458669305
0.001246562460437417
0.00020740907348226756
3.898317299899645e-05
0.0022574076429009438
5.145689283381216e-05
0.005208923015743494
0.025716064497828484
0.003770907176658511
0.0001506662811152637
0.0018210920970886946
0.003981214016675949
0.004336374346166849
0.00012433486699592322
0.0029256779234856367
0.00013618537923321128
0.003555712755769491
0.0004900533240288496
5.0845148507505655e-05
0.0011344592785462737
0.000694612564984709
0.00042020506225526333
0.0025336765684187412
0.001799793797545135
0.0020463350228965282
0.004255320876836777
0.004683357663452625
0.0009990595281124115
5.712287747883238e-05
3.961481706937775e-05
0.0045935469679534435
0.004202727694064379
0.16242261230945587
0.0009098679292947054
3.8826932723168284e-05
0.0024360129609704018
0.0039439694955945015
0.004367195535451174
0.0006812021601945162
0.012156820856034756
0.0012679335195571184
0.001579316915012896
0.00136732985265553
0.00014791102148592472
0.00029868376441299915
9.576876618666574e-05
0.0010061712237074971
0.0011991309002041817
0.0012464140309020877
0.013161636888980865
0.0011059195967391133
0.0001861160999396816
0.00032936211209744215
0.0004060771316289902
0.0016698683612048626
0.002175072208046913
0.002286153845489025
0.09803417325019836
0.00042256354936398566
0.0007973202154971659
0.001057497225701809
0.00015289275324903429
0.10343386977910995
0.0002290746633661911
0.00015253353922162205
0.0019477051682770252
0.005226776469498873
0.0029296805150806904
0.000832025776617229
0.0022143053356558084
0.001367048593237996
0.0014934521168470383
0.11806678771972656
2.3267619326361455e-05
0.0006374608492478728
0.00022726236784365028
0.0009486558265052736
0.006747338455170393
3.912911779480055e-05
0.005782339256256819
0.0014755442971363664
0.00014475408534053713
0.0004126575659029186
0.0054396409541368484
0.002523766364902258
0.00011957387323491275
0.0017763503128662705
0.001428628689609468
0.016090862452983856
0.004447916056960821
0.008104007691144943
0.0013376250863075256
0.0008411934832111001
0.002311783144250512
0.0024993980769068003
0.000569012074265629
0.00018803034618031234
2.523405601095874e-05
0.0021618518512696028
3.6460252886172384e-05
0.0033230313565582037
0.018048103898763657
0.0026350505650043488
9.93248395388946e-05
0.0015018885023891926
0.0031589101999998093
0.00256698508746922
8.917963714338839e-05
0.003160487860441208
0.00011223002366023138
0.003209768095985055
0.0003352191124577075
3.305363134131767e-05
0.0006686776760034263
0.0005311249406076968
0.00030584383057430387
0.0017643485916778445
0.001186608336865902
0.0016798499273136258
0.003274922724813223
0.0041715349070727825
0.0006519290618598461
3.5885637771571055e-05
2.5896057195495814e-05
0.004133463837206364
0.0058777304366230965
0.15562285482883453
0.00043439705041237175
2.8193000616738573e-05
0.0015530649106949568
0.004816925618797541
0.004517959896475077
0.0006004550959914923
0.011285065673291683
0.0014345304807648063
0.0009037256240844727
0.0013084957608953118
0.0001384018105454743
0.00017759940237738192
0.0002368197456235066
0.0006106114014983177
0.001012854278087616
0.0012629481498152018
0.00990082137286663
0.0013355144765228033
0.00012178913311799988
0.00026139564579352736
0.0003313933266326785
0.0012814903166145086
0.001968465279787779
0.0020634650718420744
0.0934111699461937
0.00060943333664909
0.0005804031388834119
0.0009216307080350816
0.00017301010666415095
0.08499788492918015
0.00016718034748919308
0.0001223348663188517
0.0022804527543485165
0.0037537021562457085
0.0024745448026806116
0.000776117027271539
0.00179769704118371
0.0013412199914455414
0.001094828243367374
0.11816465109586716
1.5696305126766674e-05
0.0005149968201294541
0.0002792274462990463
0.000728977844119072
0.004330303519964218
2.315819074283354e-05
0.0036678893957287073
0.0014229707885533571
0.00011462347902124748
0.00040173769230023026
0.004332889802753925
0.002339188940823078
8.759027696214616e-05
0.002224646508693695
0.0012105031637474895
0.014048710465431213
0.0038090304005891085
0.006007371470332146
0.0008817829075269401
0.0008274315623566508
0.002440645359456539
0.002389618195593357
0.0004619901883415878
0.0001398274616803974
1.2607981261680834e-05
0.0012226238613948226
2.1513336832867935e-05
0.0018811733461916447
0.013057563453912735
0.00137203314807266
5.288988177198917e-05
0.0012439856072887778
0.0032465686090290546
0.0015019673155620694
6.171619315864518e-05
0.002467441139742732
0.00011283103231107816
0.0022177910432219505
0.00022882282792124897
2.7669351766235195e-05
0.0005198328872211277
0.0004974493058398366
0.0002361105871386826
0.0015252397861331701
0.000881702930200845
0.0019827508367598057
0.0030651071574538946
0.0046022068709135056
0.0005546060274355114
2.3826951291994192e-05
1.9751401850953698e-05
0.004900634754449129
0.005446590483188629
0.15098276734352112
0.0002424410922685638
1.9237528249504976e-05
0.0009698586072772741
0.0043175108730793
0.004035247024148703
0.0006090865936130285
0.0062552993185818195
0.0012212832225486636
0.0005885083228349686
0.000965105602517724
0.0001538097858428955
0.00010393434058642015
0.00032137412927113473
0.0005040711839683354
0.000972889771219343
0.0011306112864986062
0.006468882784247398
0.0011996625689789653
7.885159720899537e-05
0.00019005399371962994
0.00034054453135468066
0.0010264908196404576
0.001737183309160173
0.002140647731721401
0.09019443392753601
0.0006200235802680254
0.00042924279114231467
0.0007503727683797479
0.00014342134818434715
0.06661825627088547
0.00010181246034335345
7.23735720384866e-05
0.0019392637768760324
0.002722803968936205
0.0016674933722242713
0.0007821075269021094
0.0015831985510885715
0.0013735502725467086
0.0008359950734302402
0.11275728791952133
9.409026461071335e-06
0.0003866365586873144
0.00022425249335356057
0.000643920386210084
0.002882530214264989
1.5155672372202389e-05
0.0025313752703368664
0.001492090756073594
0.00010291248327121139
0.0004281398723833263
0.003310299478471279
0.0013716246467083693
7.02403049217537e-05
0.0023748555686324835
0.0007974353502504528
0.014040741138160229
0.0034437915310263634
0.006093858741223812
0.0010658545652404428
0.0006659420905634761
0.0027015763334929943
0.0019743323791772127
0.0004125613486394286
0.00011426275159465149
9.680956281954423e-06
0.0008693174459040165
1.5444093151018023e-05
0.0009038850548677146
0.009504356421530247
0.0007823624182492495
2.997500450874213e-05
0.0010141064412891865
0.003072236431762576
0.0009340142132714391
5.527858957066201e-05
0.0020088308956474066
0.00010348278738092631
0.0016132933087646961
0.0001825130166253075
2.0091461919946596e-05
0.0003642821393441409
0.0005008462467230856
0.00012536700523924083
0.0011432699393481016
0.0007748970529064536
0.0014222841709852219
0.0026613189838826656
0.005569467321038246
0.00037142340443097055
1.567644540045876e-05
1.311050982621964e-05
0.005444374401122332
0.004430858418345451
0.14968135952949524
0.0001572110049892217
1.3746034710493404e-05
0.0006449194625020027
0.00588050065562129
0.004350152797996998
0.0006326541188172996
0.0038895097095519304
0.0011682725744321942
0.0002660379686858505
0.0009231927106156945
0.0001289982465095818
7.114420441212133e-05
0.00026779374456964433
0.0004844643408432603
0.0007544894469901919
0.001000558608211577
0.00480000302195549
0.001188741298392415
4.6554032451240346e-05
0.00018980658205691725
0.0003932102699764073
0.0008145252941176295
0.0015651874709874392
0.0025985108222812414
0.08921205252408981
0.0006094604032114148
0.000300629559205845
0.0006044830661267042
0.00022502514184452593
0.04990256577730179
7.695330714341253e-05
5.084705844637938e-05
0.0017802660586312413
0.00197419011965394
0.001152916462160647
0.0007012077840045094
0.0011724161449819803
0.0009370395564474165
0.0007726311450824142
0.10798955708742142
6.328887138806749e-06
0.0003830796049442142
0.00024648194084875286
0.000606679474003613
0.0019723852165043354
1.1919405551452655e-05
0.001903433701954782
0.0019344736356288195
0.00010736736294347793
0.0004085848922841251
0.0031077770981937647
0.000978508498519659
6.489819497801363e-05
0.0023064897395670414
0.0006895182887092233
0.013578618876636028
0.004594316706061363
0.005430899560451508
0.0010278666159138083
0.0005179320578463376
0.00221855822019279
0.0021555270068347454
0.000387950538424775
8.686735964147374e-05
9.18735622690292e-06
0.0006278768414631486
9.982607480196748e-06
0.0004239151021465659
0.008067868649959564
0.0007670589257031679
1.7710335669107735e-05
0.0008502871496602893
0.0027669942937791348
0.0005991117213852704
4.2013551137642935e-05
0.00132607645355165
8.561673894291744e-05
0.0011415508342906833
0.0001291679363930598
1.6423231500084512e-05
0.00022286803869064897
0.0006201673531904817
9.337684605270624e-05
0.0008664334309287369
0.0006994763971306384
0.001079339999705553
0.0024297633208334446
0.006503492593765259
0.0003561964549589902
1.2240485375514254e-05
8.907985829864629e-06
0.006454502232372761
0.0034487158991396427
0.1467231661081314
0.00011839066428365186
1.1312079550407361e-05
0.0005093830404803157
0.00554730836302042
0.00437024375423789
0.0007516397745348513
0.002698696916922927
0.001175376819446683
0.0002044977154582739
0.0008466795552521944
0.00013189989840611815
5.142695954418741e-05
0.00021908340568188578
0.0004324809415265918
0.0005526714958250523
0.0008680017781443894
0.00276555260643363
0.000891976582352072
2.874363235605415e-05
0.00015358906239271164
0.0003159718762617558
0.0008253781124949455
0.0013663854915648699
0.0026917154900729656
0.08921734243631363
0.0006773489876650274
0.0002247876109322533
0.00044556421926245093
0.00022628330043517053
0.04529768228530884
6.12375806667842e-05
3.630543506005779e-05
0.0014981580898165703
0.0016310361679643393
0.0007990007288753986
0.0007329623913392425
0.0008835221524350345
0.0005959562258794904
0.0006530151003971696
0.10433156788349152
5.097831945022335e-06
0.0003783462452702224
0.0002779089263640344
0.0005032592453062534
0.0013942209770902991
1.0118706995854154e-05
0.0015806213486939669
0.0019573804456740618
0.00012230682477820665
0.00037862517638131976
0.002840782282873988
0.0006960537284612656
5.128783959662542e-05
0.0017693355912342668
0.0005121022695675492
0.011672104708850384
0.0041127679869532585
0.004125741310417652
0.0008659183513373137
0.00038617145037278533
0.0019436535658314824
0.0021483947057276964
0.00040731090120971203
7.008808461250737e-05
9.649054845795035e-06
0.00047858976176939905
5.794312528450973e-06
0.00027941088774241507
0.006345921196043491
0.0006561126792803407
1.0898237633227836e-05
0.0007969639846123755
0.002060649450868368
0.0004555375489871949
4.422439087647945e-05
0.0008433032780885696
7.307194755412638e-05
0.0007670081104151905
0.00010360421583754942
9.173370017379057e-06
0.0001240984129253775
0.0007968105492182076
8.414845797233284e-05
0.0007444655057042837
0.0008055809885263443
0.0009796570520848036
0.002203685464337468
0.005701955873519182
0.0003042526077479124
1.0059615306090564e-05
7.261809969349997e-06
0.007828868925571442
0.0022512709256261587
0.1466512531042099
0.0001115730483434163
8.477882147417404e-06
0.00040314020588994026
0.004973019007593393
0.004449533764272928
0.0009484092006459832
0.0019363720202818513
0.001170263858512044
0.00021242375078145415
0.0007556735072284937
0.00012213393347337842
3.5970300814369693e-05
0.0002086114400299266
