2.310671329498291
2.305528402328491
2.246976852416992
1.115313172340393
0.5230945348739624
0.6718955039978027
0.3266688585281372
0.30025938153266907
0.6851820945739746
0.25741156935691833
0.1951582133769989
0.3067450225353241
0.25106552243232727
0.1311165690422058
0.15759582817554474
0.11644405126571655
0.3104588985443115
0.09640245139598846
0.2840728461742401
0.17362470924854279
0.13708949089050293
0.11369448900222778
0.08965755254030228
0.5332755446434021
0.1303630918264389
0.2643381655216217
0.19865965843200684
0.1264936923980713
0.09861548990011215
0.1031457781791687
0.14328868687152863
0.22411349415779114
0.04839256405830383
0.07330943644046783
0.037972334772348404
0.15817472338676453
0.09485702961683273
0.24631839990615845
0.04912838339805603
0.06999370455741882
0.05268494039773941
0.027681760489940643
0.21007871627807617
0.2212567776441574
0.07383022457361221
0.08400294184684753
0.16924136877059937
0.09909169375896454
0.07068123668432236
0.1485704779624939
0.08495110273361206
0.03696880489587784
0.23783273994922638
0.02299652434885502
0.09315454214811325
0.11437876522541046
0.1462753564119339
0.00676400400698185
0.06794164329767227
0.07289431244134903
0.10832776129245758
0.002619575010612607
0.05733879655599594
0.15042416751384735
0.13227799534797668
0.07554605603218079
0.010066688992083073
0.12859418988227844
0.1618698239326477
0.012388799339532852
0.11791472882032394
0.086562380194664
0.10753453522920609
0.14559456706047058
0.07976631820201874
0.11856486648321152
0.010706927627325058
0.008350945077836514
0.048313628882169724
0.03994535282254219
0.15629328787326813
0.02699233964085579
0.06398697197437286
0.10500941425561905
0.052270084619522095
0.014867403544485569
0.034434594213962555
0.04345768690109253
0.06492277979850769
0.04445536807179451
0.21728147566318512
0.020986735820770264
0.016133910045027733
0.0017210899386554956
0.05329021438956261
0.02262164279818535
0.03177734464406967
0.0764668732881546
0.06305046379566193
0.055974654853343964
0.02981114387512207
0.05432402715086937
0.08434469252824783
0.083607979118824
0.10696211457252502
0.11321239918470383
0.0663403794169426
0.03855151683092117
0.06920274347066879
0.06439484655857086
0.07893921434879303
0.029036594554781914
0.01822841912508011
0.030951233580708504
0.03418297320604324
0.026997918263077736
0.007001090329140425
0.13691407442092896
0.06383990496397018
0.04507739469408989
0.1746571958065033
0.04736673831939697
0.0510195754468441
0.030581438913941383
0.026463070884346962
0.04330136254429817
0.007429063320159912
0.06686728447675705
0.03145278990268707
0.1107160896062851
0.03280298411846161
0.13701558113098145
0.022512171417474747
0.008469434455037117
0.006004330236464739
0.008968020789325237
0.07527729123830795
0.0871504470705986
0.05315306782722473
0.02874886244535446
0.04592864215373993
0.0161320511251688
0.013266817666590214
0.03720400109887123
0.01855158433318138
0.006869057193398476
0.09088535606861115
0.006365309469401836
0.059573303908109665
0.05652308836579323
0.1094057559967041
0.002647191286087036
0.040972866117954254
0.051186345517635345
0.10270001739263535
0.000858916959259659
0.02665126323699951
0.1191946342587471
0.09668097645044327
0.04484577849507332
0.0038700541481375694
0.04764815419912338
0.09451952576637268
0.003928228281438351
0.0630694255232811
0.01917117089033127
0.06597466766834259
0.08531881123781204
0.03664989024400711
0.03137646242976189
0.0027586636133491993
0.004051198251545429
0.015981726348400116
0.0495101734995842
0.1282832771539688
0.011492643505334854
0.022404974326491356
0.10346999764442444
0.026829160749912262
0.018534095957875252
0.020006397739052773
0.05028778687119484
0.005373610183596611
0.07423552125692368
0.13030342757701874
0.013259115628898144
0.010595416650176048
0.0009971358813345432
0.03780379518866539
0.026285456493496895
0.015915796160697937
0.0951252430677414
0.06238532438874245
0.0327901728451252
0.01056068018078804
0.01007450744509697
0.04707440733909607
0.06272876262664795
0.08770572394132614
0.11267180740833282
0.03613431751728058
0.012404880486428738
0.04910872131586075
0.012857263907790184
0.06066996976733208
0.004900168627500534
0.013337218202650547
0.01606796495616436
0.02187785506248474
0.0243344958871603
0.0039321607910096645
0.024860892444849014
0.015688711777329445
0.024653185158967972
0.19439862668514252
0.00919774454087019
0.06731092929840088
0.03533320501446724
0.00577223626896739
0.032111961394548416
0.0034159382339566946
0.07652995735406876
0.029943102970719337
0.056764937937259674
0.0066711027175188065
0.1424681842327118
0.005795383360236883
0.00508837727829814
0.005424910690635443
0.0031878692097961903
0.09862793236970901
0.04126490280032158
0.024292368441820145
0.0056336428970098495
0.035501204431056976
0.008895101957023144
0.01643466018140316
0.009367710910737514
0.004678407218307257
0.007579365745186806
0.04455680400133133
0.002160192932933569
0.03853541612625122
0.11656564474105835
0.042181409895420074
0.0012331833131611347
0.02752579376101494
0.024929450824856758
0.10257340967655182
0.00029204398742876947
0.016327716410160065
0.06703805923461914
0.06823458522558212
0.021311942487955093
0.014253323897719383
0.019128326326608658
0.07744011282920837
0.0029770333785563707
0.03508087992668152
0.012656759470701218
0.055557746440172195
0.06713394075632095
0.031161118298768997
0.02056589350104332
0.0022220041137188673
0.0012633008882403374
0.014014508575201035
0.006020584609359503
0.16011521220207214
0.006991803180426359
0.010743865743279457
0.08267880231142044
0.01589113473892212
0.02612588368356228
0.015301131643354893
0.054203543812036514
0.002989193657413125
0.05841897428035736
0.061307642608881
0.012691243551671505
0.0024395505897700787
0.0006800859700888395
0.030771102756261826
0.01375404093414545
0.013126250356435776
0.08064672350883484
0.023501746356487274
0.03198442608118057
0.0039057377725839615
0.005248775240033865
0.033172063529491425
0.03488649055361748
0.07652527838945389
0.11276520043611526
0.03252306580543518
0.004820448346436024
0.017643006518483162
0.015530132688581944
0.04364217072725296
0.0020844722166657448
0.009420291520655155
0.009827964939177036
0.013897769153118134
0.006693323142826557
0.003723196918144822
0.01602473109960556
0.008403940126299858
0.012155843898653984
0.14905987679958344
0.003489674301818013
0.057173676788806915
0.01193307712674141
0.00137536961119622
0.03799940273165703
0.0013017785968258977
0.0673346221446991
0.03397483006119728
0.04287419468164444
0.0030867166351526976
0.10203228890895844
0.0037360056303441525
0.003941450268030167
0.006867983378469944
0.0019982762169092894
0.08153335750102997
0.02752365916967392
0.018746061250567436
0.004063896369189024
0.03725803270936012
0.004980122670531273
0.008810753934085369
0.00241948408074677
0.0022460301406681538
0.009439172223210335
0.010804358869791031
0.0014347148826345801
0.016910051926970482
0.14102274179458618
0.03219682350754738
0.0011291850823909044
0.02596144750714302
0.013499935157597065
0.07021377235651016
0.0002253892453154549
0.011954359710216522
0.052943021059036255
0.04959428310394287
0.0067384131252765656
0.002164173871278763
0.011180561035871506
0.04370193928480148
0.003046799451112747
0.01934351772069931
0.008579757064580917
0.03332351893186569
0.06283171474933624
0.02799188159406185
0.008000174537301064
0.004900970496237278
0.000646728090941906
0.01922244392335415
0.002829342382028699
0.21067044138908386
0.002998132724314928
0.006787365302443504
0.06447000801563263
0.006730475928634405
0.011304160580039024
0.009286778047680855
0.05042843893170357
0.0014060891699045897
0.023504408076405525
0.0455959215760231
0.0111417630687356
0.001294627902098
0.0002877959923353046
0.015468493103981018
0.006572849582880735
0.01395439077168703
0.06684315204620361
0.012680348940193653
0.021088652312755585
0.001661488669924438
0.005288201384246349
0.015801869332790375
0.017032824456691742
0.0455566868185997
0.10734614729881287
0.022416651248931885
0.0028759182896465063
0.005185581743717194
0.015283703804016113
0.03347107395529747
0.0015221827197819948
0.007711129728704691
0.0027373037301003933
0.008254804648458958
0.0048368992283940315
0.0021726847626268864
0.022367166355252266
0.00258224131539464
0.00866579171270132
0.12017375975847244
0.0035169750917702913
0.052304286509752274
0.009104346856474876
0.006461183540523052
0.030942091718316078
0.0003956093860324472
0.04961305484175682
0.013305246829986572
0.028399933129549026
0.004820737522095442
0.05414023995399475
0.0008538481779396534
0.002220813650637865
0.002473682165145874
0.00080169114517048
0.09842801094055176
0.011055614799261093
0.014601106755435467
0.0033474499359726906
0.027404718101024628
0.0019802115857601166
0.015966733917593956
0.0015591387636959553
0.0009152531856670976
0.0016558733768761158
0.02851514145731926
0.0006727637955918908
0.01125180535018444
0.15820586681365967
0.008156548254191875
0.0007093591266311705
0.021627480164170265
0.008579999208450317
0.052720807492733
7.123954128473997e-05
0.018891578540205956
0.030153166502714157
0.02791350521147251
0.0047945501282811165
0.0028262485284358263
0.007277310360223055
0.015315897762775421
0.002074229996651411
0.013924116268754005
0.006627334747463465
0.02377876453101635
0.031987424939870834
0.012743842788040638
0.008284141309559345
0.003986738156527281
0.00025308376643806696
0.02056357078254223
0.010073564946651459
0.22054219245910645
0.0010610378812998533
0.006018540356308222
0.023057814687490463
0.008191922679543495
0.007881604135036469
0.0032945284619927406
0.02380845695734024
0.0011049883905798197
0.006374670658260584
0.02979111112654209
0.013145854696631432
0.0005228650406934321
0.00017420361109543592
0.02650638297200203
0.002376951277256012
0.008848278783261776
0.03801589459180832
0.02455899864435196
0.024017684161663055
0.0012909404467791319
0.0024621053598821163
0.012682266533374786
0.009902702644467354
0.020699284970760345
0.08381197601556778
0.01977655477821827
0.0023652040399610996
0.006822960916906595
0.06636203825473785
0.04738738387823105
0.002748811151832342
0.005355896428227425
0.0011920422548428178
0.00958361104130745
0.006347814109176397
0.004215989727526903
0.011629396118223667
0.004467085935175419
0.006376833654940128
0.07943081855773926
0.0026506767608225346
0.036701250821352005
0.01101722288876772
0.010330788791179657
0.01952023059129715
0.0006631503347307444
0.05174501985311508
0.00988334883004427
0.012724723666906357
0.011474212631583214
0.042103689163923264
0.0006760610267519951
0.003124077105894685
0.001832839334383607
0.00039971957448869944
0.10683184862136841
0.012590534053742886
0.005415366962552071
0.002629317808896303
0.015880266204476357
0.0013436349108815193
0.02265779674053192
0.0005390776786953211
0.0005255862488411367
0.0007465598173439503
0.03996715322136879
0.00032578266109339893
0.0029791705310344696
0.15334771573543549
0.002186030149459839
0.0005777795449830592
0.015966033563017845
0.004854972939938307
0.01938713528215885
3.909253064193763e-05
0.030863573774695396
0.014028078876435757
0.008397426456212997
0.0029428182169795036
0.0010528689017519355
0.001907700439915061
0.008347584865987301
0.0025904239155352116
0.008034476079046726
0.005445533897727728
0.017949363216757774
0.01791108027100563
0.006185735575854778
0.008642797358334064
0.0013302061706781387
0.00010930521239060909
0.006136514246463776
0.008733673952519894
0.19423329830169678
0.0006110872491262853
0.002365250140428543
0.0022829759400337934
0.02289736084640026
0.004562855698168278
0.0011486626463010907
0.019039012491703033
0.0004120848316233605
0.0015575340948998928
0.027400488033890724
0.006371015682816505
0.00045236668665893376
7.256687240442261e-05
0.013749743811786175
0.0013399103190749884
0.008744237944483757
0.025637125596404076
0.01914398744702339
0.007213030010461807
0.0005572200170718133
0.0008782399236224592
0.010193600319325924
0.0050454153679311275
0.007134625688195229
0.07860985398292542
0.009009781293570995
0.0009819124825298786
0.0069086868315935135
0.08380533754825592
0.04059998318552971
0.001252591609954834
0.005060352385044098
0.0025964968372136354
0.010132159106433392
0.026065949350595474
0.0037241484969854355
0.011336226016283035
0.0007236888632178307
0.006911935284733772
0.07664451003074646
0.0002835618215613067
0.0008924772264435887
0.015885986387729645
0.010632932186126709
0.011043866164982319
0.001024107332341373
0.028028223663568497
0.003921468276530504
0.02074478194117546
0.0037565557286143303
0.0410296805202961
0.0003421938745304942
0.0023884852416813374
0.0006255572661757469
0.0002961474529001862
0.1157299354672432
0.009557885117828846
0.0018807725282385945
0.001802993007004261
0.008706181310117245
0.0005273494170978665
0.012684161774814129
0.00033633055863901973
0.0007805917994119227
0.0007960526272654533
0.02736225351691246
0.0002804480609484017
0.0018676179461181164
0.15466566383838654
0.0004993458860553801
0.00021586936782114208
0.006601522210985422
0.002411233726888895
0.006372913718223572
1.6518337361048907e-05
0.01867513172328472
0.008794452995061874
0.0029273913241922855
0.0025243221316486597
0.0032030984293669462
0.00038179976399987936
0.004282874520868063
0.004856429062783718
0.01108985859900713
0.0033020987175405025
0.007718090433627367
0.016832690685987473
0.006897755898535252
0.004519276786595583
0.0003092620463576168
6.678818317595869e-05
0.0053810798563063145
0.014759973622858524
0.18150702118873596
0.00017988652689382434
0.0010434919968247414
0.0037390347570180893
0.0058242930099368095
0.013243365101516247
0.0012774808565154672
0.022116942331194878
0.0003281185345258564
0.0004971351008862257
0.02511487528681755
0.0010798306902870536
0.00025410501984879375
4.7231482312781736e-05
0.01073174737393856
0.000560254673473537
0.01155786868184805
0.02064238116145134
0.0065941461361944675
0.002558747073635459
0.00026797206373885274
0.0007925336831249297
0.00728921452537179
0.0022857889998704195
0.004650180693715811
0.07136747986078262
0.0046953908167779446
0.000838044157717377
0.008525680750608444
0.07736548781394958
0.05486949905753136
0.0012983245542272925
0.0012276836205273867
0.0007500248029828072
0.009877307340502739
0.035383254289627075
0.0006659564678557217
0.016178013756871223
0.0004799525486305356
0.005701450631022453
0.06699620932340622
0.00023097572557162493
0.001088870456442237
0.004747480154037476
0.002943899715319276
0.006772539112716913
0.0006287301075644791
0.03307035565376282
0.0021696819458156824
0.0026461207307875156
0.005431163124740124
0.022985877469182014
0.00031732223578728735
0.0022473058197647333
0.0003209078568033874
0.00012971543765161186
0.09433653950691223
0.007834634743630886
0.0016915248706936836
0.002349277026951313
0.010112057439982891
0.0001806651707738638
0.005919754039496183
0.00028165866388008
0.0008706721710041165
0.005480329506099224
0.00793345645070076
0.0003829039924312383
0.0009321878897026181
0.11857854574918747
0.00046967892558313906
6.652741285506636e-05
0.002993879606947303
0.0020821280777454376
0.002780890092253685
7.654942237422802e-06
0.012844754382967949
0.003114220453426242
0.004022450651973486
0.003754063043743372
0.005185263231396675
9.58005475695245e-05
0.0013533252058550715
0.004704494494944811
0.004091137088835239
0.0016543904785066843
0.006338221486657858
0.0060531641356647015
0.0026014335453510284
0.0024516747798770666
0.00013687032333109528
6.0575730458367616e-05
0.013185740448534489
0.004403636325150728
0.17095758020877838
5.755474558100104e-05
0.0006808771286159754
0.0007482742657884955
0.002419698052108288
0.009477349929511547
0.0010247168829664588
0.03157457336783409
0.00011029530287487432
0.0005531268543563783
0.030753320083022118
0.0011059375246986747
4.8320755013264716e-05
0.00011610436922637746
0.0006635350873693824
0.00019922149658668786
0.006767650134861469
0.010808054357767105
0.004897947423160076
0.0010291840881109238
0.00017195100372191519
0.0008433216717094183
0.005497699603438377
0.0013487173710018396
0.0019220710964873433
0.058159589767456055
0.0028426204808056355
0.0005166187766008079
0.006060313433408737
0.05927509069442749
0.04933808743953705
0.00023204053286463022
0.000785402487963438
0.0003680025693029165
0.01397526916116476
0.031798042356967926
0.0001626260782359168
0.014405670575797558
0.00025045452639460564
0.001871008425951004
0.03283156082034111
0.0003054044209420681
0.003922526258975267
0.0015194534789770842
0.0032617957331240177
0.0008113832445815206
0.00025465418002568185
0.020910199731588364
0.0003077457658946514
0.0008814353495836258
0.002013974590227008
0.007920823991298676
0.00026686841738410294
0.0008548834011889994
0.0003935710119549185
6.626543472521007e-05
0.06402374804019928
0.0014703951310366392
0.0007774333353154361
0.0017867066198959947
0.002803976181894541
0.00018279600772075355
0.007543717045336962
0.00013146335550118238
0.0012569200480356812
0.00041009183041751385
0.0018520558951422572
0.0002146497427020222
0.0009126264485530555
0.06594996154308319
0.0005213898839429021
2.7460117053124122e-05
0.0013212657067924738
0.0008957396494224668
0.0013536378974094987
3.2241657663689693e-06
0.016758689656853676
0.012156588956713676
0.001938160159625113
0.0016031624982133508
0.0003548341628629714
9.181509085465223e-05
0.0002713194990064949
0.00402492331340909
0.00288110482506454
0.0019976894836872816
0.004202448297291994
0.0035968644078820944
0.004607623443007469
0.00145957269705832
7.592401379952207e-05
1.9731358406716026e-05
0.0033880502451211214
0.003034402383491397
0.17352430522441864
9.642174518376123e-06
0.0005812260787934065
0.0007540592341683805
0.0029924733098596334
0.005374526605010033
0.0006065932684578001
0.039815329015254974
0.00010082896187668666
0.00039519096026197076
0.019838234409689903
0.00042793192551471293
2.508222132746596e-05
0.00012210759450681508
0.00010653759818524122
0.0002229250967502594
0.010076524689793587
0.009447113610804081
0.009266473352909088
0.00042954430682584643
0.00010657512029865757
0.0014880701201036572
0.0021819183602929115
0.0031231590546667576
0.0010550211882218719
0.03461914882063866
0.0030274486634880304
0.00029211671790108085
0.005224056541919708
0.034072309732437134
0.03529944643378258
5.1645598432514817e-05
0.00016677816165611148
0.00045012502232566476
0.007643346209079027
0.015086443163454533
0.00011795904720202088
0.0025635329075157642
3.3365096896886826e-05
0.003598469775170088
0.04519178718328476
0.0008689911919645965
0.0030283248052001
0.0009367326274514198
0.0005505884764716029
0.0008009489392861724
0.0014453389449045062
0.014733301475644112
0.0001082588205463253
0.0007104972028173506
0.00628268625587225
0.005669812206178904
0.0003737545048352331
0.00026630458887666464
0.0010832695988938212
0.00010486249084351584
0.053816430270671844
0.0009963270276784897
0.00042142844176851213
0.0009424003073945642
0.003989357501268387
0.00020629510981962085
0.006471248343586922
0.000127938503283076
0.0012266184203326702
0.003469432471320033
0.0033239335753023624
0.0007230986375361681
0.0003570897679310292
0.057022545486688614
0.0006080224993638694
9.787459021026734e-06
0.00046401828876696527
0.0005258143064565957
0.0003141075430903584
1.2330575600572047e-06
0.012323902919888496
0.0016882037743926048
0.000871609547175467
0.0007558499928563833
8.464214624837041e-05
6.327775190584362e-05
0.00013467993994709104
0.0016325872857123613
0.0014382749795913696
0.0030168916564434767
0.00572435837239027
0.0029057383071631193
0.00455792061984539
0.0010372266406193376
2.8043861675541848e-05
1.5607307432219386e-05
0.001875291345641017
0.001555095543153584
0.156895712018013
5.9359676924941596e-06
0.00019490426348056644
0.0007480144849978387
0.0016861362382769585
0.002342625753954053
0.0005354342283681035
0.033983953297138214
0.00012206198880448937
0.0008741525234654546
0.010445835068821907
0.00028056290466338396
1.1467409422039054e-05
0.00035094638587906957
5.418982618721202e-05
5.750525087933056e-05
0.003942049108445644
0.015406829304993153
0.006142919417470694
0.0003685934061650187
6.661087536485866e-05
0.0011154074454680085
0.0011344022350385785
0.002072783885523677
0.00027653880533762276
0.01845245063304901
0.0003532982082106173
0.0002842913963831961
0.0014754903968423605
0.01767301931977272
0.020288094878196716
9.550595132168382e-05
0.00011526783055160195
0.0022432836703956127
0.002314338693395257
0.013010554946959019
7.301893492694944e-05
0.0019895394798368216
4.8700792831368744e-05
0.0016283554723486304
0.022113841027021408
0.00016644496645312756
0.0008278533350676298
0.0023938233498483896
0.0001843528007157147
0.0010242165299132466
0.00020940453396178782
0.0007585944840684533
5.78369181312155e-05
0.0003671158920042217
0.0072265500202775
0.005170655436813831
0.0009227563277818263
5.2862738812109455e-05
9.403342846781015e-05
1.5163498574111145e-05
0.02655906043946743
0.0006277411594055593
0.0006721075042150915
0.001042152987793088
0.0027852607890963554
0.0006404632003977895
0.0011378617491573095
0.0001232077192980796
0.0005236965953372419
0.004334654659032822
0.00044411493581719697
0.00013192683400120586
0.0004677999531850219
0.010524926707148552
0.002157399198040366
4.220649316266645e-06
0.000665028637740761
0.0006857406697236001
0.0008096041274257004
5.364395860851801e-07
0.005515505094081163
0.00039405745337717235
0.00026645121397450566
0.0007120378431864083
6.176249735290185e-05
0.00012101448373869061
3.355045191710815e-05
0.00220920005813241
0.0007130407029762864
0.0014671823009848595
0.001436644815839827
0.004341447725892067
0.00569719634950161
0.0009975444991141558
1.569820597069338e-05
3.717000436154194e-05
0.0008013381739147007
0.0006984177161939442
0.1430976241827011
2.259356733702589e-06
9.534167475067079e-05
0.0007598987431265414
0.008510420098900795
0.0020165268797427416
4.64006261609029e-05
0.01017074752599001
9.914475958794355e-05
0.0009832922369241714
0.010736800730228424
7.887677929829806e-05
1.2791777407983318e-05
0.0006428287015296519
3.674301115097478e-05
3.1481653422815725e-05
0.005159478168934584
0.004837001673877239
0.0017387447878718376
0.0006225655088201165
4.093366806046106e-05
0.0014388010604307055
0.0010861433111131191
0.0021659417543560266
0.0005019356030970812
0.009455624967813492
0.00021113635739311576
0.0002472597698215395
0.0021623545326292515
0.006194208282977343
0.012716260738670826
0.0001350331585854292
8.751329005463049e-05
0.0033272698055952787
0.0024601591285318136
0.0052767288871109486
7.373030530288815e-05
0.00059794686967507
5.8387606259202585e-05
0.0007286319741979241
0.02172025479376316
0.0005152645753696561
0.0008597111445851624
0.009241956286132336
1.596750007593073e-05
0.00030844597495160997
0.00017303312779404223
0.00035455130273476243
1.5546485883533023e-05
0.00012317270739004016
0.0034211960155516863
0.00553735950961709
0.0011181728914380074
4.230826743878424e-05
5.797210178570822e-05
4.62655043520499e-06
0.0050024185329675674
0.0009164786315523088
0.0002763482043519616
0.00047600799007341266
0.0014753194991499186
0.0001782749022822827
0.0007071295403875411
0.0009889575885608792
0.0001559919328428805
0.006412710528820753
0.0004551962192635983
0.00025238137459382415
0.0004972888855263591
0.00495645496994257
0.00018088944489136338
2.2779436221753713e-06
0.0022177386563271284
0.0005691873957403004
0.0008853162289597094
1.7136305530129903e-07
0.0067542181350290775
0.00015476514818146825
6.614528683712706e-05
0.0003737866645678878
3.151586133753881e-05
7.648192695342004e-05
1.8993549019796774e-05
0.001715681399218738
0.0003264395345468074
0.001380021683871746
0.0008139927522279322
0.003113899379968643
0.006515961606055498
0.0014737840974703431
1.8136841390514746e-05
1.337208868790185e-05
0.00035654540988616645
0.0008068371680565178
0.173383891582489
1.3653097994392738e-06
1.6757830962887965e-05
0.0006508431979455054
0.004336475394666195
0.006050276570022106
3.262811151216738e-05
0.0011568320915102959
8.364213863387704e-05
0.002208831487223506
0.007318913470953703
1.2288681318750605e-05
5.215326837060275e-07
0.0009012754308059812
2.441996184643358e-05
2.030586256296374e-05
0.0033912137150764465
0.0007890889537520707
0.0010447632521390915
0.0004265623283572495
1.6286239770124666e-05
0.000348603876773268
0.0006214851164259017
0.0006543938652612269
0.0006347327725961804
0.004066374618560076
0.0009373724460601807
8.810021245153621e-05
0.0007438439643010497
0.0011924752034246922
0.007384652737528086
5.665147182298824e-05
6.983377534197643e-05
0.0003799618571065366
0.0011014902265742421
0.005755881313234568
3.06143265333958e-05
0.0004738437128253281
4.4900018110638484e-05
0.0005087800673209131
0.009472052566707134
4.948989226249978e-05
0.0007719535497017205
0.00286734476685524
2.110352215822786e-05
0.00024009910703171045
6.221979128895327e-05
0.00011993686348432675
1.6980720829451457e-05
5.479995161294937e-05
0.005840033758431673
0.0028456714935600758
0.0010275165550410748
3.5134682548232377e-05
4.471850843401626e-05
1.9650510694191325e-06
0.0034739531110972166
0.000418108596932143
0.00012070198135916144
0.00014587354962714016
0.0008248073281720281
0.00011673652625177056
0.0014423150569200516
0.0004580143140628934
9.070646774489433e-05
0.003121773712337017
0.00018469823407940567
0.00022034671565052122
0.00019451024127192795
0.003356928238645196
0.0002227796067018062
4.015400008938741e-06
0.0023168851621448994
0.0005805935943499207
0.00026544524007476866
1.0617067403018154e-07
0.010482380166649818
0.00011381180229363963
0.00014106261369306594
0.00013614364434033632
5.1511640776880085e-05
1.832883936003782e-05
1.3009107533434872e-05
0.0006348140886984766
0.001567561412230134
0.0008290979312732816
0.0002617046993691474
0.0009727760916575789
0.0034473410341888666
0.0003339680260978639
3.552499401848763e-05
1.2184600564069115e-05
0.00025287887547165155
0.0006563322385773063
0.11266407370567322
7.841700835342635e-07
2.1217234461801127e-05
0.0007254258380271494
0.0009779816027730703
0.006973710842430592
1.702449117146898e-05
0.0013314614770933986
8.078155224211514e-05
0.0006317566731013358
0.004261799156665802
6.129146640887484e-06
2.3841681695557781e-07
0.0015299556544050574
6.730826498824172e-06
7.829338755982462e-06
0.0026018458884209394
0.0002742360520642251
0.0015256914775818586
0.0002645587082952261
2.5816345441853628e-05
0.00021436404495034367
0.003261186182498932
0.0010738808196038008
0.00013207350275479257
0.0015562737826257944
0.0005816068151034415
2.2867036022944376e-05
0.001304159639403224
0.0024420954287052155
0.003467611502856016
7.084655953804031e-05
4.243530202074908e-05
0.0005381907103583217
0.000332605151925236
0.0012130701215937734
2.575494181655813e-05
0.00046558285248465836
1.3641485566040501e-05
0.00019480290939100087
0.005685824900865555
5.768560367869213e-05
0.0009443408926017582
0.0018598418682813644
2.2716551029589027e-05
8.203632751246914e-05
5.848108776262961e-05
3.127998934360221e-05
5.487014732352691e-06
2.871145261451602e-05
0.0017392071895301342
0.0013914869632571936
0.0008788509876467288
3.026170452358201e-05
2.4146123905666173e-05
1.102675582842494e-06
0.00082477304385975
9.251780284103006e-05
3.8209047488635406e-05
0.00010733511589933187
0.0008789788698777556
4.623124550562352e-05
0.00121084984857589
0.0035037104971706867
3.139471300528385e-05
0.0038484851829707623
9.125187352765352e-05
0.00016159782535396516
0.0003049598599318415
0.008053457364439964
0.0001350404927507043
2.0785810193046927e-06
0.0022657050285488367
0.00012312695616856217
0.0005385063705034554
5.9604612800967516e-08
0.0028342020232230425
4.19121133745648e-05
6.212393782334402e-05
0.00018445323803462088
2.444874007778708e-05
1.1743336472136434e-05
1.0940334504994098e-05
0.0002696104347705841
0.00028323178412392735
0.0010162002872675657
7.407686644000933e-05
0.0006637724000029266
0.003842655336484313
0.00022711502970196307
4.822713526664302e-05
2.188401049352251e-05
0.0001558092626510188
0.0006951675750315189
0.07980087399482727
4.7124785851337947e-07
1.882287506305147e-05
0.0005849206354469061
0.002360861049965024
0.0033080042339861393
8.108261681627482e-06
0.0012096622958779335
5.661986142513342e-05
8.39082058519125e-05
0.0012029616627842188
5.242564839136321e-06
1.490109013957408e-07
0.0008572206716053188
5.65220216230955e-06
4.125357008888386e-06
0.0009817146928980947
6.510269304271787e-05
0.0017162318108603358
0.0004907997790724039
1.575462920300197e-05
0.0001525075495010242
0.000579896557610482
0.0016885558143258095
0.00021601351909339428
0.0012731016613543034
0.0004177122318651527
8.307276857522083e-07
0.0008939008112065494
0.0005935636581853032
0.002148277359083295
6.289183511398733e-05
5.1037950470345095e-05
0.00032024714164435863
0.00010060185013571754
2.901655352616217e-05
3.942978582927026e-05
0.00045501196291297674
2.1392534108599648e-05
0.00024131109239533544
0.0026745982468128204
2.7494479581946507e-05
0.0003590266569517553
0.0030320053920149803
6.486989150289446e-06
3.837772601400502e-05
8.826496923575178e-06
4.5957753172842786e-05
1.5757748315081699e-06
1.5973826521076262e-05
0.0009723950061015785
0.0010133119067177176
0.00045922788558527827
1.2611239071702585e-05
2.599393883429002e-05
4.5075793764226546e-07
0.0005700344336219132
4.712151348940097e-05
3.528437082422897e-05
0.0001522510137874633
0.0006523256888613105
3.185668174410239e-05
0.0001629591133678332
0.002362222410738468
2.1834412109456025e-05
0.0025436244904994965
5.9399229940027e-05
6.422756268875673e-05
0.00019933903240598738
0.0050009372644126415
4.1560611862223595e-05
9.629599162508384e-07
0.0025170622393488884
8.762446668697521e-05
0.000544853915926069
2.9802313505911115e-08
0.000980525161139667
1.3524593668989837e-05
4.6690569433849305e-05
0.00027772027533501387
1.2523217264970299e-05
1.4034007108421065e-05
4.347089088696521e-06
0.0001634051150176674
0.00024048508203122765
0.0008855291525833309
5.632021930068731e-05
0.0006754781352356076
0.0036999182775616646
0.0001365222706226632
3.922068208339624e-05
6.7003911681240425e-06
0.00015373335918411613
0.0013168276054784656
0.06244052201509476
4.321325093314954e-07
1.015297766571166e-05
0.0008890597964636981
0.0008979770354926586
0.0013236675877124071
1.2979812709090766e-05
0.0003876149421557784
0.00010018674220191315
0.00016942174988798797
0.0006910307565703988
1.6893530982997618e-06
2.8498212145677826e-07
0.0005795226315967739
6.231195129657863e-06
3.505162567307707e-06
0.0007213102653622627
1.4376397302839905e-05
0.001758425496518612
0.00045221674372442067
1.5110220374481287e-05
5.3444720833795145e-05
0.0002489062608219683
0.0011193244718015194
0.00019474135478958488
0.003329517785459757
0.00035805051447823644
3.054728381357563e-07
0.0009642371442168951
0.0001805654028430581
0.0017983689904212952
6.722703983541578e-05
7.321730663534254e-05
0.0003269562148489058
5.181221786187962e-05
9.358033821627032e-06
0.0001172420525108464
0.0004211045743431896
1.4258634109864943e-05
0.00013865747314412147
0.0017254636622965336
1.0397980076959357e-05
0.0001305976475123316
0.0018915751716122031
6.496028618130367e-06
2.2416230422095396e-05
7.4748836595972534e-06
2.578063686087262e-05
1.3336392612472991e-06
5.343455086403992e-06
0.0002200784074375406
0.0003017596318386495
0.00023249273363035172
9.00100712897256e-06
2.486942321411334e-05
2.011652355804472e-07
0.00048673932906240225
4.522691961028613e-05
3.0137694920995273e-05
9.351165499538183e-05
0.0004043770022690296
2.4977016437333077e-05
0.00025204720441251993
0.004093951545655727
3.537141310516745e-05
0.0010738710407167673
2.876875441870652e-05
7.927445403765887e-05
0.0001683352456893772
0.0017223237082362175
5.266381776891649e-05
6.51913126148429e-07
0.0016314092790707946
0.00012709829024970531
0.0006445705657824874
2.2351738238057806e-08
0.0010591787286102772
5.017204330215463e-06
6.349889008561149e-05
0.00022376919514499605
9.839178346737754e-06
1.9646744476631284e-05
1.4807774277869612e-06
9.510887321084738e-05
0.00023135141236707568
0.00018883809389080852
3.0635907023679465e-05
0.0008487157756462693
0.004531990736722946
9.355015936307609e-05
8.821205847198144e-05
3.177360440531629e-06
0.00011189400538569316
0.0019572146702557802
0.04660344868898392
2.551819875407091e-07
3.5425541682343464e-06
0.000803689647000283
0.0005064853467047215
0.0010593311162665486
2.779677015496418e-05
0.00024233909789472818
0.0001359974266961217
8.730838453629985e-05
0.00047051807632669806
1.6856164393175277e-06
2.1047748077762662e-07
0.0003971542464569211
