2.3058743476867676
2.2966487407684326
2.1800248622894287
1.9163755178451538
1.2217423915863037
1.2432407140731812
0.4945214092731476
0.5396125912666321
1.0368781089782715
0.42385998368263245
0.43253499269485474
0.242265522480011
0.4123925268650055
0.16526605188846588
0.15514346957206726
0.20102165639400482
0.34927260875701904
0.13024166226387024
0.5289493203163147
0.19819636642932892
0.165621817111969
0.17070451378822327
0.19720323383808136
0.5568062663078308
0.19698286056518555
0.4394338130950928
0.34593096375465393
0.08935993909835815
0.07305214554071426
0.29676076769828796
0.19512878358364105
0.26161065697669983
0.1289440244436264
0.1418507695198059
0.03074765019118786
0.14246957004070282
0.12184888869524002
0.4146100878715515
0.045680105686187744
0.14057207107543945
0.045997798442840576
0.05996682122349739
0.27543720602989197
0.23667548596858978
0.08000762015581131
0.10105009377002716
0.09967347979545593
0.12386076897382736
0.13620544970035553
0.15379475057125092
0.14164452254772186
0.1030563935637474
0.2065701186656952
0.01759752258658409
0.1282113790512085
0.18219801783561707
0.16429287195205688
0.012797125615179539
0.09945353865623474
0.1409827172756195
0.15152648091316223
0.01623019576072693
0.038762010633945465
0.06991007924079895
0.13287845253944397
0.055266186594963074
0.08167365938425064
0.2046670764684677
0.122145876288414
0.010923841968178749
0.07496162503957748
0.11974526196718216
0.18289875984191895
0.16451075673103333
0.12411651015281677
0.1363055557012558
0.05326532572507858
0.016376543790102005
0.03899611160159111
0.1179436519742012
0.2781485617160797
0.02005295269191265
0.010414013639092445
0.11652585864067078
0.04727178066968918
0.020119603723287582
0.052243608981370926
0.0696764662861824
0.0504085011780262
0.06471677869558334
0.11252685636281967
0.0797501727938652
0.006096178200095892
0.003477243473753333
0.04835052415728569
0.03858516365289688
0.03598774969577789
0.17024610936641693
0.11292696744203568
0.011063380166888237
0.1054299846291542
0.10131222754716873
0.12461420148611069
0.16142399609088898
0.0485992394387722
0.10646449029445648
0.14104802906513214
0.04854285344481468
0.06188088282942772
0.051856331527233124
0.05535336211323738
0.011053575202822685
0.06449270993471146
0.04653090238571167
0.2316291183233261
0.08369523286819458
0.013133653439581394
0.12111726403236389
0.06957780569791794
0.06466931849718094
0.19628365337848663
0.010340138338506222
0.060922104865312576
0.04096565768122673
0.22172006964683533
0.010189136490225792
0.044131580740213394
0.11248636990785599
0.00818627793341875
0.044626880437135696
0.0606805682182312
0.15992727875709534
0.0023562901187688112
0.04057493805885315
0.027050286531448364
0.021168455481529236
0.17830105125904083
0.15242597460746765
0.011814643628895283
0.0381622388958931
0.04554124176502228
0.04421142488718033
0.01036202535033226
0.04971003904938698
0.034697581082582474
0.013960663229227066
0.12401501089334488
0.027032770216464996
0.05823457986116409
0.08374247699975967
0.14685317873954773
0.0016790730878710747
0.09536411613225937
0.048173677176237106
0.061648618429899216
0.0012022426817566156
0.01967003010213375
0.01487520057708025
0.06340689957141876
0.03144939988851547
0.014759326353669167
0.11750933527946472
0.03090677410364151
0.004220317117869854
0.06213760003447533
0.07544953376054764
0.05793618783354759
0.11178191751241684
0.08452840894460678
0.07166881114244461
0.005627554375678301
0.03072005696594715
0.052610594779253006
0.03107125125825405
0.16818620264530182
0.006862449459731579
0.005604789592325687
0.057207223027944565
0.037199728190898895
0.023457283154129982
0.04690851643681526
0.04460862651467323
0.0671781525015831
0.05066603422164917
0.030873525887727737
0.010407340712845325
0.0013288133777678013
0.001032825792208314
0.03901983052492142
0.03198409453034401
0.08036768436431885
0.060155853629112244
0.04106840863823891
0.027926228940486908
0.011562819592654705
0.039441436529159546
0.10138968378305435
0.05599503591656685
0.11187632381916046
0.20741330087184906
0.07231442630290985
0.022848987951874733
0.06350987404584885
0.024928757920861244
0.03069513477385044
0.0022309927735477686
0.025262469425797462
0.005579293705523014
0.024263717234134674
0.027302822098135948
0.005707942880690098
0.14350898563861847
0.023972969502210617
0.021642129868268967
0.12059323489665985
0.007178041618317366
0.0582931712269783
0.020549351349473
0.04798983037471771
0.03800203651189804
0.009052702225744724
0.10152804851531982
0.016545545309782028
0.07405278831720352
0.028614692389965057
0.1458231508731842
0.0021762726828455925
0.03417038917541504
0.018715044483542442
0.014039305970072746
0.08025413751602173
0.07713843137025833
0.04781092703342438
0.017219576984643936
0.014352386817336082
0.04099547863006592
0.00446288613602519
0.028829550370573997
0.010685859248042107
0.02123362012207508
0.013839797116816044
0.0013092824956402183
0.030462468042969704
0.05082680284976959
0.02592146210372448
0.0026840970385819674
0.01504550687968731
0.017059514299035072
0.06601867824792862
0.0011913800844922662
0.005429899785667658
0.04397571459412575
0.02434973418712616
0.00691771786659956
0.003582610981538892
0.06553388386964798
0.01745995692908764
0.008860558271408081
0.048324886709451675
0.02167559415102005
0.04524007812142372
0.06611549854278564
0.08094296604394913
0.02089633420109749
0.013754605315625668
0.0024286506231874228
0.013204970397055149
0.0049370587803423405
0.23469731211662292
0.008112989366054535
0.00956811010837555
0.04282015934586525
0.0763801634311676
0.03565187752246857
0.009167259559035301
0.06360671669244766
0.01169759500771761
0.00674477219581604
0.021703889593482018
0.05367534980177879
0.02183815836906433
0.00022365570475813001
0.006548919249325991
0.004268495365977287
0.0102384677156806
0.04165787994861603
0.05240393057465553
0.003182058921083808
0.0030364023987203836
0.0275488942861557
0.04912189021706581
0.07515714317560196
0.05896785482764244
0.07902681827545166
0.082426518201828
0.019861368462443352
0.05956829711794853
0.057906437665224075
0.11135876923799515
0.001960298279300332
0.006749575491994619
0.017503082752227783
0.05010426044464111
0.0032066514249891043
0.002313728677108884
0.05301206186413765
0.03719557821750641
0.009817315265536308
0.1534585952758789
0.0014257802395150065
0.008250007405877113
0.02604203298687935
0.09238985180854797
0.07899796962738037
0.002259215572848916
0.11143684387207031
0.0006567321834154427
0.01474851556122303
0.007222621235996485
0.11555759608745575
0.0008975359378382564
0.027998998761177063
0.045385781675577164
0.0037928372621536255
0.07735875248908997
0.08219964057207108
0.009815668687224388
0.010630478151142597
0.006439455784857273
0.013106197118759155
0.014714709483087063
0.009928787127137184
0.013235046528279781
0.0049800993874669075
0.016455750912427902
0.0009294269839301705
0.0043068453669548035
0.12230994552373886
0.06367255002260208
0.0013193906052038074
0.005196364596486092
0.029033267870545387
0.0401160791516304
0.0005073401262052357
0.028099460527300835
0.051447875797748566
0.03620095178484917
0.005338467191904783
0.004720641765743494
0.04336221516132355
0.005471899174153805
0.01404138095676899
0.05333716422319412
0.016707684844732285
0.045239198952913284
0.02476317435503006
0.03915008157491684
0.02044880948960781
0.0016196966171264648
0.0017772192368283868
0.014836600050330162
0.007667930796742439
0.1767142117023468
0.02451298199594021
0.0007967382553033531
0.015826407819986343
0.03995779901742935
0.07035262137651443
0.0078625762835145
0.021384891122579575
0.010249285027384758
0.03477809578180313
0.07766076177358627
0.000988639541901648
0.004071671981364489
0.00015492370584979653
0.0017396453768014908
0.0022490150295197964
0.01562856324017048
0.041552260518074036
0.008614864200353622
0.015044450759887695
0.009115254506468773
0.009305900894105434
0.044004861265420914
0.004212501458823681
0.07880005985498428
0.05303477495908737
0.0062803300097584724
0.011068016290664673
0.02523135580122471
0.028247257694602013
0.060166019946336746
0.0007725448813289404
0.002539877314120531
0.05768119916319847
0.006335779558867216
0.0032984833233058453
0.0029540802352130413
0.03956514596939087
0.06276269257068634
0.03129337728023529
0.0867590680718422
0.00040042787441052496
0.008662911131978035
0.017643390223383904
0.029357217252254486
0.009128887206315994
0.017255712300539017
0.06310557574033737
0.015088926069438457
0.003891940228641033
0.0194817204028368
0.11340319365262985
0.000597331381868571
0.00051326141692698
0.01125411782413721
0.002191461157053709
0.08603399246931076
0.03558170795440674
0.008281725458800793
0.006155704148113728
0.05533985421061516
0.030443858355283737
0.008010526187717915
0.0015799961984157562
0.041413988918066025
0.000397062161937356
0.0069361464120447636
0.0014771608402952552
0.016365433111786842
0.08928582072257996
0.01747148111462593
0.0002248273667646572
0.0021607661619782448
0.0539119727909565
0.020738283172249794
0.00045026745647192
0.06805776804685593
0.021547768265008926
0.004982629790902138
0.02558249980211258
0.0020804714877158403
0.012852760963141918
0.007700775749981403
0.012477566488087177
0.058764148503541946
0.026443738490343094
0.04670814797282219
0.013949607498943806
0.005511412862688303
0.012623023241758347
0.003357100998982787
0.0009816568344831467
0.09826482832431793
0.010628582909703255
0.19278855621814728
0.005159227643162012
0.004898434970527887
0.004315756261348724
0.061499033123254776
0.11062166094779968
0.00960396695882082
0.014079945161938667
0.002102531958371401
0.0006915378617122769
0.015840178355574608
0.0001328391081187874
0.010750304907560349
2.646176471898798e-05
0.0018444966990500689
0.02995501458644867
0.008405006490647793
0.056685835123062134
0.02764454483985901
0.02064736932516098
0.0008912154007703066
0.007602696772664785
0.07235242426395416
0.012032260186970234
0.11641893535852432
0.07456906139850616
0.009097958914935589
0.005751095712184906
0.03189067170023918
0.05878359451889992
0.009956549853086472
0.006388611625880003
0.00753552932292223
0.011568327434360981
0.008252618834376335
0.0007846131338737905
6.107805529609323e-05
0.013793312013149261
0.002770967548713088
0.0017078804085031152
0.04807823896408081
0.0005025291466154158
0.018168192356824875
0.09421446919441223
0.011813484132289886
0.009345159865915775
0.024004455655813217
0.03236619383096695
0.011749270372092724
0.004275781102478504
0.008528496138751507
0.08276915550231934
6.046903945389204e-05
0.002172725275158882
0.0014194202376529574
0.0012897492852061987
0.023149462416768074
0.06897502392530441
0.013499598018825054
0.013579349033534527
0.04213159158825874
0.004835707601159811
0.02301838807761669
0.01449325680732727
0.0013974772300571203
0.00023631135991308838
0.0026316270232200623
0.00016827683430165052
0.0010274193482473493
0.0940355435013771
0.03689073771238327
0.00025857938453555107
0.0016397364670410752
0.0907134860754013
0.02087828889489174
0.0003992163692601025
0.014976649545133114
0.00920511968433857
0.007805935572832823
0.011882061138749123
0.0001933405001182109
0.02323605865240097
0.011390101164579391
0.005054066888988018
0.02629360370337963
0.015949590131640434
0.03592940792441368
0.04019031673669815
0.055485572665929794
0.06367518752813339
0.0010361728491261601
8.385116962017491e-05
0.010181638412177563
0.01023048348724842
0.05568854138255119
0.0038867180701345205
0.0002519649569876492
0.05127056688070297
0.024540865793824196
0.002950729103758931
0.0008474297937937081
0.029136840254068375
0.00942173320800066
0.009917872957885265
0.009234900586307049
0.000496352615300566
0.004949717316776514
1.6458656318718567e-05
0.004928324371576309
0.0009853000519797206
0.03142115846276283
0.059385236352682114
0.054577261209487915
0.002374440198764205
0.0031765431631356478
0.0014486078871414065
0.04750290513038635
0.014621453359723091
0.023393308743834496
0.0827476903796196
0.0023045851849019527
0.0022636065259575844
0.015735574066638947
0.009654929861426353
0.0431157723069191
0.0004012977296952158
0.005898122675716877
0.011434574611485004
0.04258406162261963
0.000463866104837507
0.0007907647523097694
0.03820229321718216
0.016112783923745155
0.0012731081806123257
0.11931472271680832
4.47341772087384e-05
0.00027066221809946
0.006860916968435049
0.003314887871965766
0.008731872774660587
0.0011622896417975426
0.06636672466993332
0.00916224904358387
0.09370899945497513
0.0024249569978564978
0.1529950201511383
4.1173512727255e-05
0.0008754225564189255
0.0013698831899091601
0.00041783234337344766
0.12667356431484222
0.05142369866371155
0.0008986618486233056
0.002486247569322586
0.0013637893134728074
0.012699796818196774
0.007042746525257826
0.029615912586450577
0.007110923528671265
0.00044430216075852513
0.009991391561925411
0.00022484413057100028
0.0012821139534935355
0.01455936674028635
0.00743779307231307
7.550528971478343e-05
0.0033404368441551924
0.005096691660583019
0.003479490987956524
0.00010396710422355682
0.0032735110726207495
0.0028836820274591446
0.011369801126420498
0.004817688837647438
0.008062584325671196
0.0019379181321710348
0.007724220398813486
0.0044195703230798244
0.02425980381667614
0.0054516056552529335
0.002452235436066985
0.010965129360556602
0.0033788445871323347
0.0019296958344057202
0.0009329011081717908
0.0003548359381966293
0.07844089716672897
0.0010045008966699243
0.1322040855884552
0.0003934391133952886
0.0012309743324294686
0.04210842400789261
0.004248738754540682
0.10493719577789307
0.004979926161468029
0.05101745203137398
0.00205411110073328
0.000641595630440861
0.012078757397830486
0.0006255657062865794
0.00014345752424560487
0.0001409948745276779
0.006522972136735916
0.0003968884120695293
0.002281470224261284
0.02721443586051464
0.06959415972232819
0.0023894584737718105
0.0006420043064281344
0.00479483138769865
0.023839015513658524
0.001822302583605051
0.008260447531938553
0.0781821608543396
0.0034152839798480272
0.0003639999486040324
0.13412342965602875
0.017708176746964455
0.11983733624219894
0.04081752151250839
0.0016513055888935924
0.007582584861665964
0.003874868853017688
0.00033525965409353375
0.0005457340157590806
0.006915530655533075
0.0018113753758370876
0.006892594508826733
0.036539074033498764
0.000540714361704886
0.011346681043505669
0.0012517060386016965
0.04403531178832054
0.004693733062595129
0.0029720766469836235
0.019645076245069504
0.011992109939455986
0.0006872299709357321
0.002432228997349739
0.0575166717171669
6.30646973149851e-05
0.00023388207773678005
0.011453082785010338
0.004480897914618254
0.06704703718423843
0.027940472587943077
0.00012146281369496137
0.002006879076361656
0.006022514309734106
0.02220212109386921
0.0012737010838463902
0.0011880958918482065
0.0005312952562235296
7.525949331466109e-05
0.00038604356814175844
6.761493568774313e-05
0.007172423880547285
0.06390406936407089
0.0028102979995310307
8.543206058675423e-05
0.0011036432115361094
0.01022765040397644
0.006582391913980246
0.0004010548291262239
0.007991774007678032
0.000589525792747736
0.023961003869771957
0.004081707447767258
0.0002429778251098469
0.0030951746739447117
0.006967784836888313
0.001048700651153922
0.00477187242358923
0.02013557218015194
0.001010150765068829
0.046738654375076294
0.0010830889223143458
0.0008400873048231006
0.0006100201862864196
0.00788083765655756
0.008913867175579071
0.011813245713710785
0.02942299284040928
0.004546778742223978
0.00030963870813138783
0.00028380093863233924
0.10034556686878204
0.12573324143886566
0.006623983848839998
0.0011841317173093557
0.0003735887003131211
0.0006170463166199625
0.007065687328577042
0.0001605973084224388
0.0007552099414169788
5.828801295137964e-05
0.0006595241720788181
0.002604716457426548
0.0025575149338692427
0.004676929675042629
0.004577333573251963
0.00524888513609767
0.004050133284181356
0.004136743955314159
0.010679440572857857
0.0023975311778485775
0.0008972364012151957
0.07418404519557953
0.002279624342918396
0.0015819703694432974
0.020726405084133148
0.02537226863205433
0.006574908271431923
0.0001500385842518881
0.0003520062891766429
0.000882013060618192
0.017129134386777878
0.00024082884192466736
0.011938625946640968
0.0018407097086310387
0.0015410520136356354
0.015163227915763855
0.12477890402078629
0.0011851501185446978
0.001389642246067524
0.00019920886552426964
0.0005416721687652171
0.01548093929886818
0.0017450826708227396
0.025022896006703377
0.0004195462679490447
0.004725783132016659
0.0009892872767522931
0.003419987391680479
0.0006008950294926763
0.0007281200378201902
0.012553378008306026
0.0016752728261053562
0.02757241763174534
0.004973738919943571
0.00033058441476896405
0.0004774772096425295
0.010534913279116154
0.006186889484524727
0.0022037681192159653
0.0022082659415900707
0.013595924712717533
0.0003405133029446006
0.003684302559122443
8.999260171549395e-05
0.0012515424750745296
0.008391774259507656
0.0026993737556040287
0.0004945406108163297
0.0005285059451125562
0.018720688298344612
0.0024677999317646027
6.072404357837513e-05
0.04434696212410927
0.006927944719791412
0.0010063679656013846
0.0024379014503210783
0.00011145530152134597
0.0038340201135724783
0.00047242423170246184
0.0018112743273377419
0.00454808259382844
0.0052720638923347
0.00983358547091484
0.0017188687343150377
0.004746745340526104
0.0024477781262248755
0.0025668719317764044
0.00013695617963094264
0.0029868667479604483
0.005436362233012915
0.22390082478523254
0.0004246440657880157
6.860536086605862e-05
0.0001674586528679356
0.06375125795602798
0.10367532819509506
0.0004212800122331828
0.0027328971773386
0.0008740656194277108
0.0001183659624075517
0.000981908873654902
7.005358202150092e-05
0.0002317559119546786
6.420197223633295e-06
0.0026149095501750708
9.508558287052438e-05
0.001886088284663856
0.02666766196489334
0.00456694420427084
0.010592525824904442
0.00022193393670022488
0.005118494387716055
0.0027571949176490307
0.003098533721640706
0.009696247056126595
0.12029732763767242
0.0006988947279751301
0.003464179579168558
0.006591141689568758
0.000505541218444705
0.009156893938779831
3.957407534471713e-05
0.00017127205501310527
0.0004539290675893426
0.0034383079037070274
0.016100605949759483
2.765640601865016e-05
0.0010461278725415468
0.048417966812849045
0.001144259818829596
0.012887649238109589
2.609479224702227e-06
0.0014312600251287222
0.0012430499773472548
0.001003004377707839
0.005280316807329655
3.1682597182225436e-05
0.0011038731317967176
6.906386988703161e-05
0.00260789948515594
0.0018295950721949339
0.017413266003131866
3.8994203350739554e-05
0.010410774499177933
0.0004056492180097848
0.00024108585785143077
0.040952954441308975
0.00014810371794737875
0.002852165373042226
0.0005066375015303493
0.00155792071018368
0.0012929912190884352
0.014393126592040062
0.001514992443844676
0.0029377120081335306
0.0019233871717005968
0.02420593984425068
1.1082015589636285e-05
0.00014687058865092695
0.012488149106502533
0.011348782107234001
0.00025209211162291467
0.001379730412736535
0.008137868717312813
0.0027210423722863197
8.607657218817621e-05
0.023194869980216026
0.0006053979159332812
0.007143939379602671
0.0006597026367671788
0.0002955505915451795
0.0253108162432909
0.020691046491265297
0.0008369574788957834
0.0005009830929338932
0.0005939616821706295
0.00720332283526659
0.005874220281839371
0.12283101677894592
0.00045179013977758586
0.00030287427944131196
3.1373001547763124e-05
0.0011090112384408712
0.0006409872439689934
0.0013936302857473493
0.00018300638475921005
0.012442189268767834
0.028440548107028008
0.021734559908509254
0.0019964799284934998
0.0006578089669346809
0.001075300737284124
0.013266119174659252
0.0017612202791497111
0.006701855454593897
4.6721055696252733e-05
1.5559377061435953e-05
0.00018604693468660116
0.0001581344404257834
0.000933411589358002
0.001794392359443009
0.0030836837831884623
0.003083351068198681
0.0019060478080064058
6.683217361569405e-05
0.0039031438063830137
0.000790836988016963
0.003376044798642397
0.00097420543897897
0.03931400552392006
0.0009280686499550939
0.00061895971884951
0.08420588821172714
0.01723722368478775
0.004560277331620455
0.0006874640239402652
0.0016906119417399168
0.0004898030310869217
0.003024777863174677
0.00014382725930772722
0.0001144720081356354
0.015326454304158688
0.000526157789863646
0.001953168073669076
0.12367760390043259
0.00021990326058585197
0.00029116301448084414
0.028032861649990082
0.06026238203048706
0.013106578961014748
7.24345663911663e-05
0.005239088088274002
5.848714863532223e-05
0.0002095496020046994
0.0001741576415952295
0.016466040164232254
0.002583499765023589
0.0003896417038049549
0.00013737886911258101
0.00014493496564682573
0.001900128205306828
0.015763195231556892
0.007024627178907394
0.0030293010640889406
0.00015560773317702115
0.0006273958715610206
0.006084932945668697
0.014940900728106499
0.011103993281722069
0.00010526827099965885
0.00021222625218797475
3.9817619835957885e-05
0.000698057992849499
0.010758296586573124
0.027427159249782562
0.001104814582504332
0.003993563819676638
0.02508603408932686
0.0064031886868178844
4.495490065892227e-05
0.003514125943183899
0.0029435360338538885
0.003060313407331705
0.007184534799307585
0.006341747939586639
0.0040064239874482155
0.0008868325385265052
0.00033594848355278373
0.00014954872312955558
0.0038435435853898525
0.005494158715009689
0.0017678316216915846
0.004841738846153021
0.003494798671454191
0.0012244641548022628
0.0013644163263961673
0.017875071614980698
0.0027371160686016083
0.022626345977187157
5.832261376781389e-05
5.879826858290471e-05
0.0003366121673025191
0.004316191654652357
0.03796222060918808
0.00017509181634522974
0.001042423420585692
0.000970997556578368
0.005133063066750765
0.0033778101205825806
0.00027803765260614455
1.6335901818820275e-05
2.225806156275212e-06
0.0035204885061830282
0.004537682514637709
0.028171364217996597
0.00014247535727918148
0.005380532238632441
0.005158302374184132
0.00021889983327127993
0.0008145544561557472
0.003965337760746479
0.002716615330427885
0.0011806696420535445
0.11293365061283112
0.001368256169371307
0.0003576030721887946
0.009562626481056213
0.002275177976116538
0.027994325384497643
0.00022636701760347933
0.00023729480744805187
0.0001268792402697727
0.0009752492187544703
0.011950105428695679
7.36067522666417e-05
0.002849465934559703
0.0011296260636299849
0.0003722997207660228
0.006788492202758789
9.582280654285569e-06
0.00036125490441918373
0.0010592836188152432
0.0012891959631815553
0.004686737433075905
0.0001329215883743018
0.00023114503710530698
0.00010868828394450247
0.0021315428894013166
0.0011443609837442636
0.005552499555051327
4.669336703955196e-05
9.107615915127099e-05
0.0002396413474343717
0.0011329309782013297
0.0024164472706615925
0.0011086460435763001
0.0001801046309992671
0.001028572442010045
0.023203009739518166
0.0002559501153882593
0.006167163606733084
0.0007165312417782843
0.0431387796998024
4.907823313260451e-05
0.0024212454445660114
0.0001860964548541233
6.13442316534929e-05
0.015410030260682106
0.0014683171175420284
2.5398549041710794e-05
0.0006186655955389142
0.0024303155951201916
0.0014444267144426703
6.419031706172973e-05
0.02906925417482853
0.0012195860035717487
0.0003208987764082849
0.0006177283939905465
8.537772373529151e-06
0.0004872329591307789
0.00010567721619736403
0.0005255794967524707
0.002108791144564748
0.04075834900140762
0.004995545372366905
0.009249736554920673
0.0006991516565904021
0.00020113200298510492
0.03587834909558296
0.00018891632498707622
0.011504488997161388
0.001043420867063105
0.0036361373495310545
0.00013041787315160036
6.17627811152488e-05
0.0004894791054539382
0.0003097618173342198
0.057680077850818634
0.0014085184084251523
0.018281307071447372
0.0004818374291062355
8.008618169697002e-05
0.009888743981719017
1.3476192179950885e-05
2.1328121874830686e-05
1.6464517102576792e-05
0.016818000003695488
0.001699322136119008
0.0014068245654925704
0.019016753882169724
0.0006581729976460338
0.000959004508331418
2.8944035875611007e-05
0.0007749908254481852
0.0016359626315534115
0.012602780945599079
0.0022362980525940657
0.09797082096338272
0.00035160849802196026
0.00018885958706960082
0.0001159653184004128
0.0002601870510261506
0.002244456671178341
0.011380475014448166
5.917583985137753e-05
0.0007273518713191152
0.006449825130403042
0.0001205139997182414
0.0002747361722867936
0.025161253288388252
0.0014526823069900274
0.00010558830399531871
0.04831389710307121
2.8515985377453035e-06
7.222180283861235e-05
0.032422445714473724
1.1828645256173331e-05
0.007055794820189476
9.96947564999573e-05
0.000150889580254443
7.055100923025748e-06
0.001445960020646453
0.032853107899427414
0.00949159823358059
1.8130207536160015e-05
6.257454515434802e-05
0.00041840318590402603
8.345235255546868e-05
0.0016890931874513626
0.02115134708583355
0.00015057402197271585
0.00017404004756826907
0.001047319732606411
0.003989270888268948
0.004992621950805187
0.00010820079478435218
0.00032516143983229995
2.761596260825172e-05
0.010482357814908028
1.949570287251845e-05
0.0001295465772273019
0.036520421504974365
0.0001538421056466177
2.3937747755553573e-05
0.00019135278125759214
4.0827871998772025e-05
0.003333869157359004
0.00020432275778148323
0.003283193102106452
0.0037022435571998358
0.005404149182140827
0.0003130190016236156
0.00025222945259884
0.0007391746039502323
0.00011593796807574108
0.001070418395102024
0.0010647280141711235
0.00020477449288591743
0.004544887691736221
0.00160589802544564
0.002865637419745326
0.003138276282697916
0.00037090672412887216
0.00013414089335128665
0.0035919370129704475
0.0023199524730443954
0.0004096626362297684
0.0001787661312846467
0.0001644841249799356
0.0007067937403917313
0.026968607679009438
0.01778610236942768
0.00027551414677873254
0.0017169207567349076
0.0005825484404340386
1.7434967958251946e-05
0.00018078068387694657
2.298371782671893e-06
5.103629518998787e-07
2.0674783627327997e-06
0.0007660694536752999
0.0001228755572810769
0.0004894078010693192
0.04742048308253288
0.0005524642183445394
0.0008899763342924416
0.00016398318985011429
0.0006278549553826451
0.0024125128984451294
0.0007059689378365874
0.0032792813144624233
0.14040179550647736
0.005870624911040068
0.001725390087813139
0.00027058160048909485
0.0010557463392615318
0.02942398563027382
4.020866981591098e-05
0.00036527050542645156
6.346961890812963e-05
0.0003312008047942072
0.005688756238669157
5.453027551993728e-05
0.0028715694788843393
4.41830197814852e-05
0.0006970727117732167
0.01420737523585558
3.33404864250042e-06
5.363818127079867e-05
0.0015914923278614879
0.00967168528586626
0.0022413923870772123
6.896556897117989e-06
0.0019405737984925508
8.106376481009647e-05
0.0004351468523964286
0.0014835846377536654
0.002343152416869998
1.5655732568120584e-05
0.0006520226015709341
3.386193930055015e-05
5.924792731093476e-06
0.017185300588607788
0.0007109328871592879
8.320446795551106e-05
0.0036599673330783844
0.0008065253496170044
0.000194324558833614
0.011982654221355915
0.07192306965589523
0.00012204489030409604
0.00031143645173870027
0.000373022019630298
3.5203960578655824e-05
5.218168371357024e-05
0.0022259545512497425
0.0002478906244505197
0.0002017075166804716
0.0009887971682474017
0.000670280889607966
0.00208698445931077
0.00010137075878446922
0.00378327164798975
0.009304199367761612
0.005542618688195944
0.001163529115729034
5.626019628834911e-05
0.000227571654249914
0.00012489953951444477
6.166819366626441e-05
0.002838441636413336
0.0002361449005547911
0.0074100857600569725
0.0005964329466223717
0.0006637935293838382
0.0007336134440265596
0.003349354723468423
5.511475319508463e-05
0.005898278206586838
0.001465496839955449
0.027026977390050888
0.002283962909132242
0.00010608021693769842
6.998640310484916e-05
0.007920685224235058
0.003096431726589799
4.4956093915970996e-05
0.0002573179081082344
0.0019968911074101925
5.131308171257842e-06
0.0010564090916886926
1.7638620192883536e-05
0.00015426395111717284
5.102968498249538e-05
0.00506536616012454
0.0006580048939213157
0.003340003080666065
0.0019233376951888204
0.036013949662446976
0.0009655392495915294
3.244101753807627e-05
0.0002804144169203937
0.0003453984681982547
0.00020590703934431076
0.0015321021201089025
0.019945867359638214
0.00014467284199781716
1.6399932064814493e-05
6.49020221317187e-05
0.0001698761770967394
0.007595522329211235
0.002414567396044731
0.010790949687361717
0.0006037901039235294
0.001470848685130477
0.024040885269641876
0.0024985282216221094
0.0043706283904612064
0.0005702367052435875
0.0013636627700179815
0.06724672019481659
5.7252964325016364e-06
0.003669892204925418
0.0002589192008599639
1.8629207261255942e-05
0.002645245986059308
2.6878336939262226e-05
0.006231490056961775
2.304273220943287e-05
0.01050061546266079
0.00012475259427446872
0.002475206973031163
3.4866704936575843e-06
0.0005327091203071177
0.00014338866458274424
0.00020901563402730972
0.005643653217703104
0.03392690420150757
0.03016483411192894
0.012789259664714336
0.00011725423973985016
0.0015204247320070863
0.0006829232443124056
0.013711052015423775
0.007924019359052181
0.0009497830178588629
0.00420175027102232
2.926160959759727e-06
0.0014835115289315581
0.040495481342077255
0.0005767149268649518
7.100633229129016e-05
8.836050983518362e-05
0.01764068379998207
0.042724139988422394
2.5592973543098196e-05
0.00029316393192857504
0.0006694870535284281
0.005717061925679445
0.0002247241063741967
5.061456613475457e-05
0.0012395017547532916
0.0030705411918461323
0.0003978135937359184
0.003555970499292016
0.0021937715355306864
0.0005979849374853075
0.03249020129442215
0.06946529448032379
0.0001212421921081841
0.005361350253224373
7.289538189070299e-05
0.014419342391192913
0.004252903163433075
0.0002532565558794886
0.0005241881590336561
3.135858423775062e-05
0.00027551953098736703
0.0024986888747662306
0.022483645007014275
8.237793372245505e-05
0.00019441131735220551
0.0008014334598556161
8.585939212935045e-06
0.0020138826221227646
1.4719385944772512e-05
8.400404567510122e-07
2.048906253548921e-07
0.0004308286006562412
6.991156260482967e-05
0.00014008283324074
0.009110899642109871
6.1000100686214864e-05
2.0403436792548746e-05
1.1470130630186759e-05
0.0002837932261172682
0.014118391089141369
0.0002681786718312651
0.00021031340293120593
0.11047288030385971
1.4005932825966738e-05
5.9282697293383535e-06
0.001017388654872775
0.0017263897461816669
0.015302029438316822
5.064161086920649e-06
0.0001481135404901579
0.00017192502855323255
0.0007624417776241899
5.8001845900435e-05
0.0008346715476363897
0.00035914790350943804
3.098785600741394e-05
0.001154784462414682
0.028933241963386536
3.945778007619083e-05
0.00014663385809399188
0.0005687549128197134
1.5781775800860487e-05
0.00021344686683733016
3.353105785208754e-05
0.000521673820912838
0.00013904656225349754
0.00022515657474286854
0.07521502673625946
0.0001889427367132157
0.001011983142234385
1.7806537471187767e-06
0.00027655548183247447
0.003742364002391696
0.001072719693183899
0.0004572967882268131
0.00010813750850502402
0.0006496149580925703
0.0012007554760202765
0.0013217402156442404
4.8041092668427154e-05
5.201075327931903e-05
0.00017147697508335114
0.003999642096459866
0.0003752132470253855
4.846937008551322e-05
3.8869635318405926e-05
0.012861995957791805
4.859093314735219e-05
2.2075271772337146e-05
0.0013849948300048709
0.0005906083388254046
0.01245238445699215
0.0003356776724103838
0.0007956779445521533
2.2365213226294145e-05
0.0001985946437343955
0.00023364984372165054
0.0021223800722509623
0.00011755519517464563
0.007297189440578222
0.00016037329623941332
0.00021924477186985314
0.0003627434198278934
6.874614336993545e-05
0.0009453605744056404
0.01689334586262703
0.0001357988076051697
0.0020938836969435215
2.912155832746066e-05
0.0006857177359052002
9.272724855691195e-05
0.10225832462310791
0.00012213061563670635
5.292774585541338e-05
0.006910031195729971
0.0012893378734588623
0.02166270650923252
3.2261727028526366e-05
0.003446367336437106
0.0007931999280117452
0.00035770359681919217
0.00010280837886966765
1.5869356502662413e-05
0.01254140306264162
3.0005344342498574e-06
