2.310976505279541
2.3131234645843506
2.2883365154266357
2.2893147468566895
1.8778276443481445
1.5435246229171753
1.0052775144577026
0.6742961406707764
1.2005996704101562
0.9068439602851868
0.5996718406677246
0.6673828959465027
0.8345239758491516
0.5529319643974304
0.3768649399280548
0.40321987867355347
0.8414883017539978
0.40005213022232056
0.7802991271018982
0.54604572057724
0.40807899832725525
0.27182427048683167
0.35704275965690613
0.5815834403038025
0.35687699913978577
0.5267438888549805
0.42799362540245056
0.3270094096660614
0.3163442313671112
0.38191530108451843
0.4919723570346832
0.2526948153972626
0.19003741443157196
0.2876291573047638
0.0317898653447628
0.23862512409687042
0.28293895721435547
0.4431324303150177
0.106293685734272
0.1376660317182541
0.2425154447555542
0.4244860112667084
0.3251050114631653
0.23992550373077393
0.21099251508712769
0.19532179832458496
0.30554598569869995
0.18776996433734894
0.13795234262943268
0.3709067702293396
0.25727832317352295
0.2403070330619812
0.1603575050830841
0.0971827283501625
0.2380860596895218
0.31799253821372986
0.19680199027061462
0.09507927298545837
0.13401851058006287
0.12505824863910675
0.08191386610269547
0.045418184250593185
0.1695108711719513
0.09005902707576752
0.2693183124065399
0.15001100301742554
0.05231460556387901
0.25498056411743164
0.24141035974025726
0.12682265043258667
0.22114115953445435
0.18161720037460327
0.11790084838867188
0.29130926728248596
0.2178727239370346
0.08674701303243637
0.19815602898597717
0.038819652050733566
0.10758842527866364
0.1486053317785263
0.21958665549755096
0.07729703933000565
0.05369970574975014
0.19894753396511078
0.15451832115650177
0.09146128594875336
0.19430385529994965
0.2140003889799118
0.2302446961402893
0.10790210217237473
0.3259434700012207
0.044083356857299805
0.0445803701877594
0.005551329348236322
0.06691206991672516
0.05473778396844864
0.09515144675970078
0.17849305272102356
0.126970112323761
0.06531940400600433
0.04138190299272537
0.15821680426597595
0.20953376591205597
0.2670638859272003
0.14841623604297638
0.18194587528705597
0.2156553417444229
0.06365220993757248
0.09403476864099503
0.08565305918455124
0.11777139455080032
0.054754700511693954
0.18605075776576996
0.18361379206180573
0.07509198784828186
0.09322268515825272
0.0420435331761837
0.17832542955875397
0.11981670558452606
0.16869695484638214
0.21505318582057953
0.06243643909692764
0.020665243268013
0.030249545350670815
0.16283471882343292
0.08212196826934814
0.04708622768521309
0.10010180622339249
0.08465784788131714
0.05280478671193123
0.19931846857070923
0.24714109301567078
0.024191947653889656
0.08233702182769775
0.09057940542697906
0.0798337534070015
0.25224554538726807
0.17261473834514618
0.10464869439601898
0.10713165998458862
0.07885612547397614
0.1734444797039032
0.10551531612873077
0.12430595606565475
0.08367083221673965
0.0546269491314888
0.13020993769168854
0.01511865109205246
0.024970022961497307
0.1883438676595688
0.10839416831731796
0.014995730482041836
0.05009598284959793
0.14323167502880096
0.11561398953199387
0.014390834607183933
0.05387067422270775
0.09879196435213089
0.11726789176464081
0.08104518800973892
0.05592958629131317
0.27018478512763977
0.17899592220783234
0.041831932961940765
0.10673420131206512
0.17108233273029327
0.10138464719057083
0.2027704268693924
0.10019756853580475
0.1137116476893425
0.10625454783439636
0.014625455252826214
0.05521728843450546
0.12798824906349182
0.17522795498371124
0.04099522903561592
0.02238198183476925
0.116371288895607
0.1368534117937088
0.03914528712630272
0.04489773139357567
0.09377346187829971
0.11251933127641678
0.027696507051587105
0.12542976438999176
0.12199787050485611
0.055975284427404404
0.0037493479903787374
0.04276430234313011
0.06224502623081207
0.06345455348491669
0.12854957580566406
0.05484827235341072
0.04779458045959473
0.02630741521716118
0.055859796702861786
0.12917238473892212
0.08091141283512115
0.03152982518076897
0.07727884501218796
0.04220055416226387
0.09022121876478195
0.16182298958301544
0.07994244247674942
0.16273285448551178
0.05605623871088028
0.1372385174036026
0.07457764446735382
0.06727953255176544
0.02288179099559784
0.017502006143331528
0.06807006895542145
0.11837958544492722
0.04831228405237198
0.254177987575531
0.03266569599509239
0.07340666651725769
0.026663830503821373
0.19173236191272736
0.048042528331279755
0.024921473115682602
0.1404823362827301
0.007827604189515114
0.08841648697853088
0.1344965398311615
0.21018517017364502
0.0438571460545063
0.03489618003368378
0.11935947090387344
0.02410389669239521
0.10930473357439041
0.18562869727611542
0.03600091487169266
0.0903613418340683
0.03081537038087845
0.050492484122514725
0.07531005889177322
0.04665159434080124
0.05986488610506058
0.016000501811504364
0.12191680818796158
0.016506580635905266
0.03746901825070381
0.1334611028432846
0.12206628173589706
0.04473487287759781
0.04049492999911308
0.12421048432588577
0.09575948119163513
0.00785648263990879
0.034686457365751266
0.11685314774513245
0.1961556375026703
0.06296130269765854
0.007046477869153023
0.15751765668392181
0.1623545140028
0.03907020017504692
0.06391452997922897
0.1558111160993576
0.03855104744434357
0.08300300687551498
0.07055267691612244
0.08497899025678635
0.03625844419002533
0.040965378284454346
0.027603862807154655
0.037476830184459686
0.10143142193555832
0.02267339453101158
0.02758285403251648
0.10368023812770844
0.09680752456188202
0.017013883218169212
0.048997510224580765
0.13378337025642395
0.06500288099050522
0.019484935328364372
0.049726247787475586
0.1410984992980957
0.01789560168981552
0.0024874750524759293
0.013297857716679573
0.034859318286180496
0.03462227061390877
0.14809222519397736
0.040491193532943726
0.04498482868075371
0.006007290445268154
0.03998010978102684
0.08609692007303238
0.09366890788078308
0.05762718617916107
0.15015870332717896
0.057306911796331406
0.031687259674072266
0.09700322151184082
0.11272897571325302
0.16231413185596466
0.017906909808516502
0.04929795116186142
0.08443096280097961
0.07735922932624817
0.07199066132307053
0.01731988973915577
0.07546425610780716
0.021984823048114777
0.1142583042383194
0.18729808926582336
0.01639511249959469
0.03541981428861618
0.0046800849959254265
0.07913176715373993
0.013738498091697693
0.01932710036635399
0.037619464099407196
0.04101385176181793
0.06472115963697433
0.08973771333694458
0.1992146223783493
0.0009289893787354231
0.021348290145397186
0.11201010644435883
0.013324770145118237
0.12384495884180069
0.10996485501527786
0.14199291169643402
0.03240672126412392
0.016644183546304703
0.03338640555739403
0.12181681394577026
0.030909685418009758
0.013600052334368229
0.011894159950315952
0.06390044838190079
0.012154718860983849
0.04646054282784462
0.18493030965328217
0.07328774780035019
0.006716282572597265
0.05102080851793289
0.09254177659749985
0.05237073823809624
0.0017084371065720916
0.06502802670001984
0.15950240194797516
0.12842367589473724
0.07205435633659363
0.011558565311133862
0.14813439548015594
0.054900191724300385
0.009070279076695442
0.027345523238182068
0.10476873815059662
0.034046269953250885
0.06164323538541794
0.08496541529893875
0.031843528151512146
0.005070076789706945
0.013015277683734894
0.046932924538850784
0.0632525309920311
0.13037006556987762
0.01670871675014496
0.01197852287441492
0.057878926396369934
0.11789658665657043
0.024505922570824623
0.05237298458814621
0.1569262444972992
0.04204612225294113
0.08518001437187195
0.058074530214071274
0.045439496636390686
0.012616035528481007
0.0006998166791163385
0.017743393778800964
0.02170524187386036
0.043028946965932846
0.09513037651777267
0.05385556071996689
0.019865773618221283
0.0035489373840391636
0.039946917444467545
0.04934873804450035
0.08912245184183121
0.07628821581602097
0.12802362442016602
0.03476109728217125
0.003939819987863302
0.11248619109392166
0.09970840066671371
0.08679857850074768
0.0038448928389698267
0.05805927515029907
0.06836939603090286
0.03818955644965172
0.11178448796272278
0.01042357087135315
0.05186967924237251
0.04808659851551056
0.039556704461574554
0.12105154991149902
0.0077587394043803215
0.011008438654243946
0.04329333081841469
0.06580590456724167
0.03894541412591934
0.011337551288306713
0.038902390748262405
0.008384189568459988
0.0251349788159132
0.08025339990854263
0.151398167014122
0.003844623453915119
0.002459921408444643
0.016408640891313553
0.013111401349306107
0.09527213871479034
0.0765560045838356
0.008378143422305584
0.03304802626371384
0.014555639587342739
0.051990311592817307
0.03835289925336838
0.03766774386167526
0.03522777557373047
0.05418713018298149
0.10055355727672577
0.01743987388908863
0.027570990845561028
0.13793547451496124
0.041368111968040466
0.048885527998209
0.042733944952487946
0.07011394202709198
0.060908734798431396
0.005561878904700279
0.10674253106117249
0.09087999165058136
0.14252445101737976
0.04423113539814949
0.0018698284402489662
0.11796358227729797
0.08668088912963867
0.005271582398563623
0.03305068984627724
0.13351212441921234
0.016345927491784096
0.06662468612194061
0.12090104818344116
0.06389392167329788
0.005268393084406853
0.0021286006085574627
0.016118058934807777
0.012820939533412457
0.18554311990737915
0.010071475058794022
0.00939786247909069
0.08737111836671829
0.06780470907688141
0.058388929814100266
0.012251400388777256
0.09566725790500641
0.06907801330089569
0.004523157607764006
0.11478964239358902
0.004781813360750675
0.0002617028367239982
0.00025165636907331645
0.006035131402313709
0.007464958354830742
0.015780076384544373
0.09447859972715378
0.017124949023127556
0.02853389084339142
0.004691667389124632
0.0222769808024168
0.11064519733190536
0.11734414100646973
0.10274981707334518
0.17180725932121277
0.04626547917723656
0.0028863155748695135
0.0959392637014389
0.08735296130180359
0.05098995193839073
0.013657616451382637
0.03603076562285423
0.03524748235940933
0.026365358382463455
0.03033323585987091
0.0028942825738340616
0.0386585034430027
0.05400031432509422
0.06185941770672798
0.13734349608421326
0.004942306783050299
0.02170836366713047
0.06680213660001755
0.10565914958715439
0.013656766153872013
0.01707836240530014
0.096275195479393
0.020492248237133026
0.04458177089691162
0.14565838873386383
0.03560766205191612
0.0008012195467017591
0.014866748824715614
0.010599440895020962
0.03242115676403046
0.06406053155660629
0.11520861834287643
0.019343500956892967
0.045943062752485275
0.014845581725239754
0.04361439868807793
0.01111243199557066
0.06693093478679657
0.04554259404540062
0.0023302750196307898
0.11684700101613998
0.002331929048523307
0.010253367014229298
0.1785733848810196
0.01114158146083355
0.0032211593352258205
0.01154446043074131
0.048860903829336166
0.03212200105190277
0.0021687864791601896
0.05327248573303223
0.09603792428970337
0.05179526284337044
0.05348034203052521
0.0049235522747039795
0.010742079466581345
0.08045566082000732
0.03704458102583885
0.02078438550233841
0.05595921725034714
0.04007212445139885
0.05667088180780411
0.07409729808568954
0.1179472804069519
0.045913126319646835
0.015669172629714012
0.07195225358009338
0.026451440528035164
0.08469891548156738
0.005411796271800995
0.00977251585572958
0.02039836160838604
0.017783744260668755
0.07180727273225784
0.010504324920475483
0.12319796532392502
0.020496733486652374
0.02161075733602047
0.1117176041007042
0.012207883410155773
0.014579055830836296
0.0025944248773157597
0.05974055454134941
0.019442152231931686
0.026544645428657532
0.15340836346149445
0.035847049206495285
0.018790727481245995
0.004791926592588425
0.015569006092846394
0.02133244276046753
0.03195551037788391
0.08168341219425201
0.15693527460098267
0.015725910663604736
0.005847827531397343
0.09655558317899704
0.05185704678297043
0.09122254699468613
0.01515946164727211
0.054168883711099625
0.005435203667730093
0.0377584807574749
0.03406445309519768
0.018638715147972107
0.07385239750146866
0.0709039717912674
0.014387168921530247
0.07146243751049042
0.0023089854512363672
0.05110768973827362
0.02754843607544899
0.12771451473236084
0.047593723982572556
0.00515341991558671
0.09551586210727692
0.010935288853943348
0.0075150043703615665
0.05921531841158867
0.05666041374206543
0.0012960502645000815
0.00756109319627285
0.015907207503914833
0.08404166996479034
0.07865176349878311
0.033457498997449875
0.04755479469895363
0.01069925632327795
0.049236539751291275
0.009864931926131248
0.05688514932990074
0.02362210676074028
0.0037511764094233513
0.0023106257431209087
0.015582643449306488
0.005521056242287159
0.042746253311634064
0.17485159635543823
0.026517441496253014
0.003941788338124752
0.02586211822926998
0.013519631698727608
0.05369976535439491
0.0055750152096152306
0.054315682500600815
0.012688098475337029
0.00360693596303463
0.04569762945175171
0.0007713810773566365
0.029288161545991898
0.03014589659869671
0.005990954581648111
0.013709796592593193
0.04295444115996361
0.011848298832774162
0.07590092718601227
0.08709746599197388
0.02718200907111168
0.00835444312542677
0.009019571356475353
0.11240117996931076
0.00877346470952034
0.15294690430164337
0.006822931580245495
0.00694491621106863
0.03093108907341957
0.06241966784000397
0.06070675328373909
0.004164807498455048
0.10432915389537811
0.03066103346645832
0.006191562861204147
0.026591980829834938
0.0023789498955011368
0.0005658523878082633
0.00025335117243230343
0.009141803719103336
0.0029412435833364725
0.06600046902894974
0.04747748374938965
0.01224534772336483
0.011604326777160168
0.0016141131054610014
0.017882036045193672
0.03278704360127449
0.013818475417792797
0.09781675785779953
0.08835086971521378
0.006444328930228949
0.007112965919077396
0.047116924077272415
0.0787460058927536
0.09782326221466064
0.015771251171827316
0.003977581858634949
0.014496839605271816
0.08739128708839417
0.01654846966266632
0.005807769484817982
0.012809420004487038
0.13169549405574799
0.02382483333349228
0.05972779542207718
0.011368288658559322
0.05151670053601265
0.0397513285279274
0.028414573520421982
0.03135900944471359
0.005578948184847832
0.0337204746901989
0.017813831567764282
0.0017217068234458566
0.030517401173710823
0.06511848419904709
0.01572440378367901
0.018582001328468323
0.002317713340744376
0.001976761966943741
0.051964614540338516
0.07876846194267273
0.09492412954568863
0.01946401223540306
0.01650458760559559
0.008630112744867802
0.01310043316334486
0.005640545394271612
0.01975003071129322
0.013245911337435246
0.04960010200738907
0.0005159538704901934
0.008236689493060112
0.06123833358287811
0.09239411354064941
0.007266390137374401
0.005704232957214117
0.0030023185536265373
0.06888732314109802
0.0003220298094674945
0.0313788466155529
0.06800159811973572
0.10221768170595169
0.01073408778756857
0.0031132197473198175
0.007319553289562464
0.029226934537291527
0.01707720011472702
0.013085446320474148
0.03867102041840553
0.00657803937792778
0.028181621804833412
0.057697564363479614
0.028696442022919655
0.005675007123500109
0.02097538486123085
0.026668770238757133
0.04312821105122566
0.1362307071685791
0.0025599889922887087
0.009182929992675781
0.011577943339943886
0.06131274625658989
0.1300489604473114
0.00493667321279645
0.10243768990039825
0.05483371764421463
0.0027666937094181776
0.010486405342817307
0.0014884407864883542
0.004378039855509996
0.0036429427564144135
0.008607990108430386
0.016802405938506126
0.01738535426557064
0.047745317220687866
0.024409299716353416
0.008072750642895699
0.0017573341028764844
0.032607950270175934
0.02744997665286064
0.05472509562969208
0.06114697456359863
0.14147083461284637
0.012573303654789925
0.00143268215470016
0.02091498300433159
0.06339515745639801
0.15063844621181488
0.04121670126914978
0.011128758080303669
0.02730918861925602
0.0068450612016022205
0.03553936630487442
0.004256420768797398
0.027864670380949974
0.003212183015421033
0.017912717536091805
0.13326987624168396
0.01895950548350811
0.04260029271245003
0.07989119738340378
0.039321694523096085
0.0047021303325891495
0.005541896913200617
0.09229478985071182
0.0010466697858646512
0.030801896005868912
0.08417364209890366
0.08423172682523727
0.0005855552153661847
0.030264852568507195
0.009887436404824257
0.04582509025931358
0.13613002002239227
0.10359718650579453
0.0624563954770565
0.005040106363594532
0.0019021382322534919
0.012900419533252716
0.0073023708537220955
0.001924301264807582
0.03244524821639061
0.0028594827745109797
0.04687158018350601
0.002307611983269453
0.008241498842835426
0.07779056578874588
0.08817803859710693
0.007261921651661396
0.013360091485083103
0.004611008334904909
0.023435108363628387
0.002243840368464589
0.020314041525125504
0.04805127531290054
0.04276616871356964
0.04165302589535713
0.001423835288733244
0.02252509444952011
0.046976134181022644
0.006284089758992195
0.010513815097510815
0.02201315574347973
0.0742812231183052
0.027470024302601814
0.03506737947463989
0.017457010224461555
0.00985619518905878
0.004016827791929245
0.006764026824384928
0.03431495651602745
0.18162494897842407
0.01343404408544302
0.007215335965156555
0.007901276461780071
0.08160681277513504
0.12446518987417221
0.01029087696224451
0.026980046182870865
0.015492739155888557
0.005225323606282473
0.04574740678071976
0.005141505040228367
0.0002929556358139962
8.231763786170632e-05
0.01441931165754795
0.0036889747716486454
0.028467491269111633
0.04613935574889183
0.013402620330452919
0.003346268320456147
0.001802571932785213
0.02205759659409523
0.032400377094745636
0.023512637242674828
0.04891226068139076
0.1414014846086502
0.05585548281669617
0.01813785918056965
0.051975980401039124
0.06313810497522354
0.04063941538333893
0.004570816643536091
0.012645313516259193
0.0016084283124655485
0.017724424600601196
0.014106974005699158
0.0020360469352453947
0.05602405592799187
0.021212423220276833
0.029753703624010086
0.16777846217155457
0.00022139849897939712
0.04017053544521332
0.045067399740219116
0.07392361760139465
0.07809486985206604
0.0016556472983211279
0.004971436690539122
0.005831479094922543
0.0018439284758642316
0.03278864547610283
0.09520303457975388
0.0008226600475609303
0.004092612769454718
0.006730350200086832
0.007391688413918018
0.08002439141273499
0.05094343051314354
0.01867617480456829
0.009615203365683556
0.011599341407418251
0.004889266565442085
0.008740785531699657
0.05842602998018265
0.04337451979517937
0.002534775296226144
0.019590144976973534
0.0009906066115945578
0.007672638166695833
0.03399994596838951
0.0033421453554183245
0.0028069117106497288
0.020855285227298737
0.0050488850101828575
0.0237356536090374
0.0003890268271788955
0.021046357229351997
0.020155420526862144
0.042765937745571136
0.010827573947608471
0.00088470708578825
0.006229569669812918
0.015129154548048973
0.0031141755171120167
0.011020715348422527
0.01408424973487854
0.011812758632004261
0.0567067451775074
0.10287650674581528
0.017375674098730087
0.003016856499016285
0.002331577939912677
0.01773524098098278
0.01441537868231535
0.2537248730659485
0.0027386085130274296
0.0009397243848070502
0.017328666523098946
0.08458513766527176
0.1251976639032364
0.010962908156216145
0.06713046133518219
0.012147195637226105
0.004941427614539862
0.0714593306183815
0.0007774214609526098
0.002699734177440405
0.0011196478735655546
0.004505402874201536
0.006100609432905912
0.04063190519809723
0.10561826080083847
0.004588590003550053
0.011717461049556732
0.0018291415181010962
0.03145970404148102
0.12531694769859314
0.0509498156607151
0.043495506048202515
0.21715909242630005
0.0032867942936718464
0.006830562371760607
0.06263501197099686
0.02926446497440338
0.05112472549080849
0.0012593477731570601
0.008505582809448242
0.021894413977861404
0.033692874014377594
0.006585180293768644
0.003791059134528041
0.02313377521932125
0.0010730116628110409
0.006110291462391615
0.10794740915298462
0.0006971077527850866
0.012544071301817894
0.06136542558670044
0.0553620271384716
0.01828811876475811
0.003996311686933041
0.04728161543607712
0.0037703486159443855
0.018745513632893562
0.0726713091135025
0.0682004913687706
0.0015529696829617023
0.007342299912124872
0.0007140561356209219
0.0012787359301000834
0.04048800468444824
0.030015908181667328
0.008220434188842773
0.005218330305069685
0.013907459564507008
0.02042766660451889
0.020952530205249786
0.085769422352314
0.015192962251603603
0.014543944969773293
0.014497070573270321
0.0005265294457785785
0.020640484988689423
0.02572895959019661
0.00651176692917943
0.005850639659911394
0.03986736014485359
0.0008353318553417921
0.010374416597187519
0.0003966128861065954
0.036657992750406265
0.019423171877861023
0.024697445333003998
0.015618477016687393
0.0007458915351890028
0.0077367606572806835
0.008342091925442219
0.0018890772480517626
0.004726177081465721
0.01221439242362976
0.04002924636006355
0.047760047018527985
0.0743766501545906
0.003078075824305415
0.003800934413447976
0.019147993996739388
0.022237511351704597
0.06284476816654205
0.013984651304781437
0.004437354858964682
0.0012340170796960592
0.0020308413077145815
0.07164738327264786
0.12790460884571075
0.003745994996279478
0.04732996225357056
0.04285397008061409
0.01050125528126955
0.018656115978956223
0.00016457628225907683
0.0038019223138689995
0.0032706293277442455
0.00556302210316062
0.03742162883281708
0.00933963991701603
0.10747279226779938
0.0028009754605591297
0.06520571559667587
0.001639625639654696
0.010040993802249432
0.11010193079710007
0.04747530817985535
0.0180790014564991
0.11459358036518097
0.029004892334342003
0.003455229802057147
0.006400130223482847
0.05781344324350357
0.08371833711862564
0.0076606497168540955
0.011438845656812191
0.02242695726454258
0.01636299304664135
0.03101050853729248
0.0007273951196111739
0.02232895791530609
0.02107079327106476
0.004179174080491066
0.21626292169094086
0.003025858197361231
0.013885079883038998
0.002329375362023711
0.005010219756513834
0.02706299163401127
0.0017787250690162182
0.02319938689470291
0.004378329962491989
0.05511671304702759
0.004468204919248819
0.054005056619644165
8.787678234511986e-05
0.016507698222994804
0.0044265310280025005
0.0015972674591466784
0.1021004244685173
0.003078749403357506
0.051336467266082764
0.027240484952926636
0.006085846573114395
0.02010677009820938
0.061921410262584686
0.013333124108612537
0.006947279907763004
0.007322425488382578
0.031751614063978195
0.0013253199867904186
0.002673231065273285
0.026712531223893166
0.02364654652774334
0.001139443600550294
0.0029830606654286385
0.0015012737130746245
0.010184372775256634
0.0015136887086555362
0.05489848181605339
0.012970663607120514
0.02147657796740532
0.006534219719469547
0.0010056882165372372
0.0008678036974743009
0.034815430641174316
0.002079929457977414
0.029531382024288177
0.007276632823050022
0.04160206764936447
0.002043016254901886
0.035465218126773834
0.024266451597213745
0.06630631536245346
0.03964146226644516
0.024687647819519043
0.0014996229438111186
0.04234898090362549
0.01717851683497429
0.018468786031007767
0.006500867195427418
0.08197502046823502
0.02715783379971981
0.0017157425172626972
0.0316491425037384
0.009238499216735363
0.0011768541298806667
0.006886321119964123
0.006005005910992622
8.092021744232625e-05
0.00037755342782475054
0.003503249492496252
0.0028419685550034046
0.018572794273495674
0.04286380484700203
0.01866108737885952
0.010888478718698025
0.0016230647452175617
0.005609210580587387
0.07818251848220825
0.04264388233423233
0.039986126124858856
0.16913871467113495
0.018720462918281555
0.003309736493974924
0.007955946028232574
0.04245232045650482
0.04927373304963112
0.0016354783438146114
0.008404436521232128
0.002150022191926837
0.03979547694325447
0.0018426807364448905
0.0020341873168945312
0.06777667999267578
0.00416202750056982
0.012737673707306385
0.10469036549329758
0.009037269279360771
0.00238092802464962
0.02758013643324375
0.004688125103712082
0.010544713586568832
0.00044628296745941043
0.008741133846342564
0.0020203939639031887
0.016102096065878868
0.12030669301748276
0.06279528141021729
0.002209149766713381
0.0033831563778221607
0.0008697521407157183
0.006482631433755159
0.10606415569782257
0.0565197616815567
0.0059181321412324905
0.0022732368670403957
0.0030184548813849688
0.01667792722582817
0.012509842403233051
0.0033148578368127346
0.02139674313366413
0.0003574227448552847
0.009011751040816307
0.018301818519830704
0.005089023150503635
0.09705348312854767
0.01901029236614704
0.0005426013958640397
0.01944047026336193
0.004144834354519844
0.01219088863581419
0.0011055677896365523
0.03621895611286163
0.0019479563925415277
0.012694227509200573
0.024800967425107956
0.0014660479500889778
0.013165298849344254
0.02849338762462139
0.001259027747437358
0.011259105056524277
0.007540778256952763
0.02001476287841797
0.02035626582801342
0.015367887914180756
0.02381671592593193
0.002940910868346691
0.017103305086493492
0.0028786202892661095
0.03283319249749184
0.1866014450788498
0.002751953201368451
0.001117561012506485
0.019870247691869736
0.07500027865171432
0.018268894404172897
0.01522290613502264
0.008813604712486267
0.008538988418877125
0.003071302082389593
0.0636177659034729
0.03492838516831398
7.665344310225919e-05
2.6328496460337192e-05
0.0010675470111891627
0.005330447573214769
0.018333058804273605
0.07834796607494354
0.005440938286483288
0.00931920763105154
0.0024894652888178825
0.001081013702787459
0.06381858885288239
0.021198568865656853
0.025967750698328018
0.07109420746564865
0.07416423410177231
0.005809673573821783
0.12255218625068665
0.024627259001135826
0.02589280530810356
0.005542204715311527
0.0013229682808741927
0.016476936638355255
0.004459572955965996
0.006818593479692936
0.0022581012453883886
0.01425996981561184
0.004381773993372917
0.010308025404810905
0.09759478271007538
0.002343937288969755
0.0010741089936345816
0.0341610386967659
0.0009811711497604847
0.03030858002603054
0.005065710283815861
0.030670737847685814
0.01962077058851719
0.0034667281433939934
0.013875945471227169
0.04406891390681267
0.0012968048686161637
0.004569321405142546
0.0016783287283033133
0.0010486575774848461
0.016923200339078903
0.047327399253845215
0.0030035097151994705
0.008020066656172276
0.005816034972667694
0.0045291827991604805
0.02832900919020176
0.005919348448514938
0.0062957811169326305
0.0008681482868269086
0.002628286834806204
0.0014258289011195302
0.017727937549352646
0.10020340234041214
0.024473438039422035
0.004902608226984739
0.00034530097036622465
0.043049030005931854
0.002002204768359661
0.00023017499188426882
0.011810317635536194
0.03829773887991905
0.004324710927903652
0.007614647038280964
0.0004804028430953622
0.0007212389027699828
0.02897469699382782
0.0010369012597948313
0.009510524570941925
0.01787634752690792
0.03559641167521477
0.04632559418678284
0.041324909776449203
0.010104388929903507
0.0021152871195226908
0.06759753078222275
0.04802658408880234
0.006308994721621275
0.17245915532112122
0.0005342127988114953
0.009567284025251865
0.015213512815535069
0.011926593258976936
0.08742013573646545
0.006581440567970276
0.023059748113155365
0.0093872444704175
0.006019941996783018
0.012479651719331741
6.475034751929343e-05
0.005742655135691166
0.00271202577278018
0.002254215069115162
0.010551349259912968
0.009906857274472713
0.095021553337574
0.0018824371509253979
0.03493974357843399
0.0006178258918225765
0.003530222224071622
0.014285754412412643
0.00894741527736187
0.0030396138317883015
0.13515488803386688
0.009567081928253174
0.001032141037285328
0.009269226342439651
0.07360782474279404
0.07469893991947174
0.008027899079024792
0.00368179171346128
0.011573100462555885
0.038064900785684586
0.001274223905056715
0.0013174345949664712
0.0021383019629865885
0.0038371598348021507
0.002711468143388629
0.15170104801654816
0.0008106746827252209
0.03641289845108986
0.002683876547962427
0.03566285967826843
0.005654171109199524
0.0056332312524318695
0.004136109258979559
0.015887821093201637
0.025053344666957855
0.0024258228950202465
0.03731074184179306
0.0006241877563297749
0.000729587918613106
0.004693804774433374
0.005127601325511932
0.08329275250434875
0.040061116218566895
0.003202463500201702
0.016999829560518265
0.001747802016325295
0.002207775367423892
0.012544602155685425
0.0013281195424497128
0.009387233294546604
0.0005599638679996133
0.007099423091858625
0.00013580438098870218
0.0010048559634014964
0.001559120719321072
0.00116903951857239
0.0009634874295443296
0.0015741843963041902
0.04575968533754349
0.02648867852985859
0.00021001993445679545
0.040525879710912704
0.0028803145978599787
0.002779783681035042
0.02693909965455532
0.04186515882611275
0.020060932263731956
0.01079667266458273
0.0037578644696623087
0.006961598992347717
0.018255088478326797
0.050991352647542953
0.007512667682021856
0.011174471117556095
0.0213574580848217
0.008129357360303402
0.00046473235124722123
0.0030799361411482096
0.015002797357738018
0.029561519622802734
0.0004243385628797114
0.003796312725171447
0.0010465149534866214
0.060150839388370514
0.02171880006790161
0.0006070050876587629
0.010872050188481808
0.006909616757184267
0.0013753478415310383
0.03239519149065018
0.0010018855100497603
0.0014652768149971962
0.00016326032346114516
0.01433761790394783
0.0022526816464960575
0.00360686331987381
0.030198151245713234
0.0016918194014579058
0.004793659318238497
0.00027345825219526887
0.0027828000020235777
0.04676149785518646
0.003195552621036768
0.09903125464916229
0.12821464240550995
0.006621943321079016
0.002644208027049899
0.020474588498473167
0.005961191840469837
0.037231024354696274
0.001078399014659226
0.0035026927944272757
0.0007108682184480131
0.0027969416696578264
0.043170228600502014
0.002458908362314105
0.008596519939601421
0.0023925278801470995
0.00020865886472165585
0.14146541059017181
0.0003800129925366491
0.016613420099020004
0.023338893428444862
0.034801188856363297
0.002296307822689414
0.002272468525916338
0.004608286079019308
0.022000672295689583
0.0020923581905663013
0.056380730122327805
0.005296020302921534
0.00019072442955803126
0.003532365895807743
0.0018042338779196143
0.023013684898614883
0.07335811108350754
0.0013308239867910743
0.004995954222977161
0.015859825536608696
0.0031573649030178785
0.0014135478995740414
0.029551556333899498
0.004182546399533749
0.02902570553123951
0.005313352216035128
0.015627941116690636
0.0004324737819842994
0.014514986425638199
0.08959794789552689
0.002391406334936619
0.0012199138291180134
0.0018211317947134376
0.005828456021845341
0.01712384633719921
0.006800157018005848
0.006576010026037693
0.05276154354214668
0.010084535926580429
0.0035929311998188496
0.0006465961923822761
0.038415782153606415
0.0018043169984593987
0.0015353841008618474
0.008207102306187153
0.007760840468108654
0.03543112799525261
0.010338923893868923
0.06742677837610245
0.006323538720607758
0.0016675270162522793
0.002135869115591049
0.007957295514643192
0.013615228235721588
0.14225664734840393
0.020114364102482796
0.0006164970109239221
0.001062649767845869
0.0007736894767731428
0.08010018616914749
0.014996809884905815
0.14636844396591187
0.015551364049315453
0.005615892354398966
0.06324799358844757
0.0004391214170027524
0.00014679106243420392
0.00017601752188056707
