2.3145551681518555
2.288163185119629
2.3125193119049072
2.304872751235962
2.3045809268951416
2.298306465148926
2.3004231452941895
2.2994985580444336
2.2980542182922363
2.289923667907715
2.2936885356903076
2.2136425971984863
2.1506853103637695
1.8299473524093628
1.1716161966323853
0.9604530930519104
0.9249008893966675
0.6180907487869263
1.1588516235351562
0.6810465455055237
0.4260706901550293
0.3432654142379761
0.37775346636772156
0.6794328689575195
0.377196729183197
0.4130887985229492
0.518997311592102
0.20219294726848602
0.12849551439285278
0.189141184091568
0.583061933517456
0.3965319097042084
0.1276397705078125
0.17012035846710205
0.09179636836051941
0.2713584005832672
0.19350872933864594
0.468453973531723
0.07135339826345444
0.12113474309444427
0.10291018337011337
0.13874338567256927
0.23136970400810242
0.4047962427139282
0.19467657804489136
0.12761510908603668
0.36027634143829346
0.26459696888923645
0.10414424538612366
0.23563408851623535
0.16296440362930298
0.09184151887893677
0.09196910262107849
0.05595942214131355
0.15692490339279175
0.3623042404651642
0.16975869238376617
0.06924118846654892
0.27195897698402405
0.13142363727092743
0.08737647533416748
0.047360192984342575
0.06052855774760246
0.08301430940628052
0.12455730140209198
0.06818345189094543
0.05093271657824516
0.17363905906677246
0.11087086796760559
0.031367573887109756
0.162964329123497
0.20760586857795715
0.14951461553573608
0.11072806268930435
0.1765473634004593
0.18001890182495117
0.010171311907470226
0.021450739353895187
0.032097477465867996
0.12413617968559265
0.2808624804019928
0.03920761123299599
0.06951016932725906
0.18197302520275116
0.061666764318943024
0.028266342356801033
0.07958058267831802
0.16386568546295166
0.056465793401002884
0.09660323709249496
0.21402226388454437
0.08849609643220901
0.009503008797764778
0.01810651272535324
0.051596350967884064
0.0244288370013237
0.03250552713871002
0.12269482016563416
0.05586870387196541
0.036891333758831024
0.009694014675915241
0.09729041904211044
0.09255614876747131
0.2129145860671997
0.25329896807670593
0.1405165195465088
0.08981461077928543
0.04069044813513756
0.11717773973941803
0.05536334961652756
0.10525541007518768
0.012158342637121677
0.048076462000608444
0.06995882838964462
0.06256035715341568
0.06817473471164703
0.009108622558414936
0.12185768038034439
0.123545803129673
0.06277875602245331
0.3802008032798767
0.05143424868583679
0.0418410450220108
0.030124085023999214
0.02174508199095726
0.10088642686605453
0.03627939149737358
0.21822334825992584
0.015056214295327663
0.002951726783066988
0.01951615698635578
0.11054970324039459
0.003729255171492696
0.1031266450881958
0.08896718174219131
0.06762487441301346
0.10099775344133377
0.05761989951133728
0.12370580434799194
0.08735404908657074
0.1058596521615982
0.07063201069831848
0.02426711469888687
0.12382373958826065
0.06113052740693092
0.0404435470700264
0.045110996812582016
0.063384048640728
0.03768423944711685
0.15636688470840454
0.2551589608192444
0.01748351939022541
0.05454119294881821
0.14138203859329224
0.04866816848516464
0.0028158416971564293
0.02740670181810856
0.14977282285690308
0.05721242353320122
0.06805203855037689
0.008314578793942928
0.1872980296611786
0.10919547826051712
0.0019784276373684406
0.03912651911377907
0.035632502287626266
0.0821133404970169
0.07045282423496246
0.13166849315166473
0.10537965595722198
0.05201326683163643
0.006272247526794672
0.08349666744470596
0.016826314851641655
0.17369386553764343
0.018979830667376518
0.0003464992914814502
0.10091288387775421
0.08339656889438629
0.021651916205883026
0.023969702422618866
0.14250794053077698
0.009354667738080025
0.03875166177749634
0.0449490062892437
0.11592020094394684
0.01654675602912903
0.0026907373685389757
0.015308224596083164
0.009964956901967525
0.019109059125185013
0.06163959577679634
0.046809494495391846
0.0507473461329937
0.0098531199619174
0.06312529742717743
0.07087567448616028
0.10769876837730408
0.03205510228872299
0.17961125075817108
0.09569653123617172
0.021894432604312897
0.05572425574064255
0.054793648421764374
0.2075757533311844
0.0024828228633850813
0.07440625876188278
0.02535802125930786
0.03392773121595383
0.022467441856861115
0.007570651825517416
0.016169218346476555
0.10876651853322983
0.039847902953624725
0.24143269658088684
0.0026467598509043455
0.09685986489057541
0.07167458534240723
0.04785590618848801
0.06891053915023804
0.0046902550384402275
0.030085604637861252
0.0022144210524857044
0.03182248771190643
0.03513474017381668
0.030676115304231644
0.0006483315373770893
0.003329130820930004
0.049751508980989456
0.028403226286172867
0.019290698692202568
0.03548804670572281
0.026855245232582092
0.18019776046276093
0.06591875106096268
0.05427796393632889
0.04388328641653061
0.02079738676548004
0.05891568213701248
0.0029476287309080362
0.016461169347167015
0.008841349743306637
0.009095319546759129
0.1516958624124527
0.009897894226014614
0.0020174598321318626
0.018696697428822517
0.058106679469347
0.07337239384651184
0.0009178826585412025
0.028934476897120476
0.12316113710403442
0.09143304079771042
0.018376382067799568
0.012110608629882336
0.14752739667892456
0.06832747161388397
0.005921908654272556
0.04719284176826477
0.045315396040678024
0.07008158415555954
0.05017302930355072
0.017162388190627098
0.09754586219787598
0.010308521799743176
0.012319519184529781
0.048122040927410126
0.03191830590367317
0.23526425659656525
0.0002913065836764872
0.005449406336992979
0.026019787415862083
0.04292631521821022
0.09555484354496002
0.0162494033575058
0.22866474092006683
0.013170981779694557
0.04485538974404335
0.028918439522385597
0.0035874450113624334
0.004853988531976938
0.00040912319673225284
0.00479102460667491
0.02861032262444496
0.042398497462272644
0.14079001545906067
0.026354588568210602
0.04517016187310219
0.0036877761594951153
0.042824286967515945
0.03359920531511307
0.04779551923274994
0.030715756118297577
0.16853706538677216
0.010134050622582436
0.049978744238615036
0.021969636902213097
0.09125373512506485
0.06873174756765366
0.0013744186144322157
0.008964143693447113
0.005906257778406143
0.021831342950463295
0.02117660827934742
0.002235662890598178
0.04149772971868515
0.0466531403362751
0.002762599615380168
0.16942797601222992
0.0016508939443156123
0.01813620515167713
0.02378438040614128
0.05355527997016907
0.044535309076309204
0.0013775721890851855
0.02588537707924843
0.006660293787717819
0.001043451949954033
0.004991923924535513
0.03290644660592079
0.0009864013409242034
0.00661129504442215
0.005712566431611776
0.002190354513004422
0.04025762528181076
0.039400193840265274
0.019152825698256493
0.013990243896842003
0.06095682084560394
0.00433395616710186
0.0038919660728424788
0.055209361016750336
0.056703563779592514
0.01771186664700508
0.005762274377048016
0.0011069249594584107
0.002490710699930787
0.09604103863239288
0.0462631992995739
0.005321240518242121
0.015093306079506874
0.09983253479003906
0.06488321721553802
0.0018544389167800546
0.07221551984548569
0.12126407027244568
0.03580460324883461
0.00556407542899251
0.013076274655759335
0.06332942843437195
0.07963160425424576
0.003153381636366248
0.01879957504570484
0.008686541579663754
0.08662962168455124
0.007321594748646021
0.045270975679159164
0.0877559706568718
0.006488054990768433
0.0012866446049883962
0.062495965510606766
0.009572582319378853
0.12148928642272949
0.0004281774745322764
0.0081935441121459
0.006985931657254696
0.01834365352988243
0.027640152722597122
0.0033497929107397795
0.10601966083049774
0.002311495365574956
0.001657111686654389
0.006724352017045021
0.004831006750464439
0.000336747762048617
0.0005575752002187073
0.023893950507044792
0.011021520011126995
0.0665723904967308
0.08210256695747375
0.061908453702926636
0.016543414443731308
0.005824773572385311
0.0013141417875885963
0.05923076719045639
0.013135448098182678
0.03470012545585632
0.15844252705574036
0.0048556555993855
0.021798022091388702
0.0037633171305060387
0.03219163045287132
0.16122989356517792
0.0013290897477418184
0.005021929740905762
0.0085854921489954
0.006925750058144331
0.0030867725145071745
0.011332573369145393
0.01498066820204258
0.008001325652003288
0.009277750737965107
0.30520179867744446
9.436851541977376e-05
0.006482848897576332
0.027511246502399445
0.04997996240854263
0.010280194692313671
0.018109122291207314
0.02811039425432682
0.005533730145543814
0.007445482537150383
0.0009428467601537704
0.003705307375639677
0.0007169357850216329
0.0003917457943316549
0.00025226871366612613
0.0019779899157583714
0.10434991866350174
0.029561342671513557
0.001326445722952485
0.01503990963101387
0.062473393976688385
0.03308212012052536
0.03954280912876129
0.0021456663962453604
0.04338572546839714
0.0007216394878923893
0.017257649451494217
0.001946707721799612
0.003915099427103996
0.18774299323558807
0.00776250334456563
0.0016943176742643118
0.009114953689277172
0.0036257205065339804
0.05814225971698761
0.00038317524013109505
0.06091774255037308
0.08262212574481964
0.08767926692962646
0.005222021136432886
0.0015465390169993043
0.010719149373471737
0.02906561829149723
0.003154436592012644
0.006700974889099598
0.006081399507820606
0.04745342209935188
0.008300673216581345
0.11881852149963379
0.005314594134688377
0.0017897917423397303
0.0006677291821688414
0.007745472248643637
0.030406005680561066
0.06999649852514267
0.0005034022033214569
0.0023359465412795544
0.02108459174633026
0.0014652679674327374
0.002076376462355256
0.0008643458131700754
0.10475929081439972
0.01501657348126173
0.04388749226927757
0.003918755799531937
0.0009740688838064671
0.0063902102410793304
8.275542495539412e-05
0.005762636195868254
0.0019359345315024257
0.007845060899853706
0.08460851013660431
0.0024293125607073307
0.027313457801938057
0.001185546163469553
0.0052596027962863445
0.0017343200743198395
0.004458199255168438
0.022761838510632515
0.11720079928636551
0.015430082567036152
0.0014865691773593426
0.0009740302921272814
0.03597947582602501
0.02503512054681778
0.0003572381683625281
0.0019807585049420595
0.009643123485147953
0.00835252832621336
0.0006999518373049796
4.462145807337947e-05
0.005576899275183678
0.003271733643487096
0.0013578719226643443
0.041221365332603455
0.0002645335625857115
0.04362370818853378
0.003860186319798231
0.04321865364909172
0.008833997882902622
0.00039198616286739707
0.017335906624794006
0.0007595302304252982
7.924146484583616e-05
0.0026720580644905567
0.07467495650053024
0.0003210715076420456
0.0008844973635859787
0.0012927226489409804
0.018471380695700645
0.03053746372461319
0.028090596199035645
0.008688469417393208
0.021441355347633362
0.0248939860612154
0.03554203361272812
0.015234739519655704
0.001049931044690311
0.0008143070735968649
0.000804936105851084
0.0026918696239590645
0.0005990321515128016
0.008994901552796364
0.06772205233573914
0.0030782236717641354
0.0006012601079419255
0.012000973336398602
0.00038956550997681916
0.07378719002008438
0.002987942658364773
0.017989305779337883
0.033337514847517014
0.0019346189219504595
0.0028938669711351395
0.00024541286984458566
0.007714579813182354
0.033083125948905945
0.002073675626888871
0.028765806928277016
0.0023726404178887606
0.031035304069519043
0.005122613161802292
0.08559813350439072
0.004739698953926563
0.0020724895875900984
0.000338495010510087
0.0015854781959205866
0.04031006619334221
0.22275695204734802
0.001914178836159408
0.00039881994598545134
0.0013299754355102777
0.0023122234269976616
0.1726539433002472
0.0005588000640273094
0.011222789995372295
0.000772677653003484
0.0006946309586055577
0.002112457761541009
0.007701357360929251
0.00747241685166955
0.00024349532031919807
0.003320791758596897
0.0012105663772672415
0.0013413020642474294
0.06848271191120148
0.020053476095199585
0.024722039699554443
0.00019116801558993757
0.022238072007894516
0.005562962032854557
0.005477156024426222
0.0043995799496769905
0.16456551849842072
0.0009129810496233404
0.00040385915781371295
0.01029249094426632
0.027221262454986572
0.0612347312271595
0.00015970689128153026
0.00021399128308985382
0.010807463899254799
0.003138635540381074
0.0003988105454482138
0.0007580224191769958
0.006466596852988005
0.0069938465021550655
0.00786430761218071
0.1813124269247055
0.0004530527803581208
0.038336411118507385
0.0008906227885745466
9.414431406185031e-05
0.0032411227002739906
7.135095074772835e-05
0.005878242664039135
0.0022282034624367952
0.006941592786461115
0.0007407853845506907
0.0016923341900110245
0.00042885966831818223
0.0007376210414804518
0.0022035865113139153
0.00021984727936796844
0.0417635440826416
0.006292480975389481
0.00010471217683516443
0.00017253230907954276
0.055074986070394516
0.010682079941034317
0.0019396899733692408
0.003119241213425994
0.0027618666645139456
0.001534925657324493
0.009302845224738121
0.0023525292053818703
0.0002350175636820495
0.1336156278848648
0.011727533303201199
8.214537956519052e-05
0.0017966079758480191
0.0019310570787638426
0.00784600805491209
0.0016572996973991394
0.021340688690543175
0.04136066511273384
0.00023924294509924948
0.013227665796875954
0.00010600499081192538
0.005407353863120079
0.005568421445786953
0.0009824318112805486
0.015085647813975811
0.009463883005082607
0.01211975235491991
0.0023569653276354074
0.07596083730459213
0.005263840314000845
0.005656836554408073
7.473692676285282e-05
0.005258883349597454
0.004921434447169304
0.1665351837873459
8.60683576320298e-05
0.000695862399879843
0.02500138059258461
0.090665802359581
0.11229555308818817
0.0003851630608551204
0.04846782237291336
0.0010255479719489813
0.00044099753722548485
0.011114311404526234
6.58047838442144e-06
0.0010669870534911752
1.8027178157353774e-05
0.001693231868557632
0.0008261541952379048
0.003573225112631917
0.023189805448055267
0.008313488215208054
0.030886588618159294
0.0007399238529615104
0.0015146885998547077
0.004642610903829336
0.0008872291073203087
0.037366434931755066
0.19782191514968872
0.0028864992782473564
0.0004178417148068547
0.001577166374772787
0.014521397650241852
0.1439715176820755
6.397053221007809e-05
0.00021851742349099368
0.00018041448493022472
0.0010642820270732045
7.934220775496215e-05
0.000154405934154056
0.0006822271971032023
0.002286636969074607
0.010293073020875454
0.04162926971912384
0.0022526192478835583
0.0032485108822584152
0.005244419910013676
0.008546595461666584
0.010548819787800312
0.001014633453451097
0.009899281896650791
0.0004424413200467825
2.2837204596726224e-05
0.0021086682099848986
0.00674753962084651
0.00023130883346311748
0.001830482971854508
0.0005436955252662301
0.00025633268523961306
0.003406291361898184
0.05160849168896675
0.0006512042018584907
0.002054065465927124
0.011813150718808174
0.03435307368636131
0.008245023898780346
0.04098593816161156
0.00031574739841744304
0.0026407549157738686
0.0005236234283074737
0.00038479926297441125
0.002093316987156868
0.08974067866802216
0.07849810272455215
8.159473509294912e-05
0.0004579342785291374
0.02805529721081257
0.007087579928338528
0.00024877485702745616
0.026705916970968246
0.0016511647263541818
0.030010730028152466
0.0018340001115575433
3.5798526369035244e-05
0.0004517199413385242
0.012256639078259468
0.001093016006052494
0.0006901419837959111
0.001434114295989275
0.005838231649249792
0.0004426443774718791
0.028666701167821884
0.0013041358906775713
0.0025911370757967234
5.267749656923115e-05
0.011496799066662788
0.0021834939252585173
0.12404418736696243
9.38304074225016e-05
0.0018504601903259754
0.0003371018683537841
0.015422469936311245
0.15723071992397308
0.0005489616887643933
0.01458910945802927
0.0040586176328361034
0.0003095521533396095
0.01404238399118185
1.3502529327524826e-05
1.3574419426731765e-05
4.8971811338560656e-05
0.0026014300528913736
0.0009383343858644366
0.0002701203338801861
0.026461776345968246
0.028637291863560677
0.019227158278226852
6.363487045746297e-05
0.0017390971770510077
0.03665134310722351
0.0009980733739212155
0.048175279051065445
0.08581912517547607
0.00035874737659469247
0.0002411180321360007
0.001961654517799616
0.05952021852135658
0.09637755155563354
2.4551183742005378e-05
0.0038677474949508905
0.0001101349844248034
0.0022113670129328966
0.005215795245021582
0.008980351500213146
0.0034146613907068968
0.00013047552783973515
0.00047451219870708883
0.07780776917934418
4.159323361818679e-05
0.00017277350707445294
0.031277235597372055
6.131633563200012e-05
0.01702944003045559
4.455184352991637e-06
4.9518956075189635e-05
0.003949235659092665
9.467642667004839e-05
0.0003663871029857546
0.011365936137735844
9.33715418796055e-05
0.0005139619461260736
0.00010291060607414693
0.00033908215118572116
0.010699589736759663
0.0016707436880096793
0.0005058706155978143
5.1123901357641444e-05
0.0012543827760964632
0.0011100637493655086
0.006158279255032539
0.0006273994804359972
3.609767372836359e-05
4.719306161860004e-05
0.002777723828330636
0.00031240840326063335
0.006185243371874094
0.03653944656252861
0.006163709331303835
0.00010434602154418826
0.0015864220913499594
0.004934291355311871
0.0018743723630905151
2.135762042598799e-05
0.02302420325577259
0.001662451191805303
0.0009493366233073175
0.00025199493393301964
0.00027724733809009194
9.828458132687956e-06
0.0015635347226634622
0.0009504586341790855
0.001344964955933392
0.006804044358432293
0.0004106869164388627
0.004867710173130035
0.02777228318154812
0.001471977448090911
0.01949811354279518
0.0003279690572526306
0.001477003563195467
0.002036924473941326
0.01484572235494852
2.0198267520754598e-05
0.0003261698584537953
0.07268170267343521
0.031555548310279846
0.009986606426537037
0.00032864772947505116
0.11648368835449219
0.0008500192197971046
0.0001094494728022255
0.003418062813580036
0.0006718194927088916
0.00025914961588568985
6.356595258694142e-05
0.0012846445897594094
0.00048750676796771586
0.0005055818473920226
0.005922773852944374
0.0038051309529691935
0.003651972394436598
8.036064537009224e-05
0.007752719335258007
0.0011003261897712946
0.061254024505615234
0.010480721481144428
0.06083046644926071
0.019433526322245598
0.028213800862431526
0.00032955309143289924
0.016241440549492836
0.02212700806558132
0.00019320615683682263
0.0045079863630235195
8.643785986350849e-05
0.0055983527563512325
0.027175577357411385
0.0015295689227059484
0.025813162326812744
0.0007075912435539067
0.000693165638949722
0.03249182552099228
0.0010998714715242386
0.006213618442416191
2.4180973923648708e-05
0.020355332642793655
0.0038344706408679485
8.811384032014757e-05
8.010250166989863e-05
0.0027122406754642725
0.002173422835767269
0.00033665477531030774
0.0006923780310899019
7.681777788093314e-05
0.0004636369412764907
6.720774399582297e-05
0.0002234916901215911
0.0028378386050462723
0.003895985893905163
0.003413725644350052
1.603457349119708e-05
0.0003169801493640989
0.0006343421409837902
0.03998524695634842
0.0012556826695799828
0.00023587429313920438
1.2428920854290482e-05
0.004167207051068544
6.641504296567291e-05
0.0016959497006610036
0.08362765610218048
0.002711238106712699
3.721013490576297e-05
0.011909295804798603
0.006072236690670252
0.007671404629945755
1.1108256330771837e-05
0.002847076393663883
0.0031169666908681393
0.0008987928740680218
8.165693725459278e-05
0.0001389843091601506
6.851515354355797e-05
0.0008107205503620207
6.112162373028696e-05
0.007388869766145945
0.0029628633055835962
0.020483458414673805
0.0012046433985233307
0.0017144784796983004
0.0021830552723258734
0.0003296697686892003
0.0006336792721413076
0.06394589692354202
0.0049802022986114025
0.0991688072681427
2.786077129712794e-05
0.001602729200385511
0.0004591280594468117
0.03086276166141033
0.05413374304771423
0.000888965732883662
0.003148611867800355
0.00030697029433213174
0.0001132663237513043
0.00123697763774544
0.00588972307741642
1.924072194015025e-06
0.0029744948260486126
0.0003211023285984993
0.0006604961818084121
0.0007856485317461193
0.0006329474272206426
0.0020044115372002125
0.0032226205803453922
5.385276745073497e-05
0.0003362802090123296
0.013218550942838192
0.0026138206012547016
0.03044876828789711
0.13862651586532593
6.457512063207105e-05
0.00011943145364057273
0.00028000795282423496
0.002717380179092288
0.007442621514201164
6.516438588732854e-05
0.00013213229249231517
0.006660862825810909
0.0020578813273459673
0.0001021927673718892
0.00017125968588516116
0.003258014563471079
0.00025099152117036283
0.0002896163205150515
0.038476888090372086
2.282587047375273e-05
0.0005813329480588436
0.00022921961499378085
8.057269951677881e-06
0.001547416439279914
0.0068000610917806625
0.0008969117770902812
0.00011361430370016024
0.008096649311482906
0.0005321713397279382
0.0930505022406578
0.00011765288945753127
0.00021579295571427792
7.275505049619824e-05
4.760592491948046e-05
0.009993371553719044
0.016680119559168816
0.0007194381323643029
0.0010866683442145586
0.002662123180925846
0.0037185961846262217
0.0011158781126141548
5.102434806758538e-05
0.02998914010822773
0.0008628646028228104
0.00023846696421969682
1.8774004274746403e-05
0.01930263638496399
0.05169934779405594
0.0003187190741300583
8.526782039552927e-06
0.0013261728454381227
0.007456024643033743
0.0009067376377061009
2.2677579181618057e-05
0.010116109624505043
6.265124829951674e-05
0.0017095989314839244
6.065976049285382e-05
1.2381316992104985e-05
3.0653758585685864e-05
0.03219449520111084
2.9314665880519897e-05
0.001098535256460309
0.0005381482187658548
0.0023246482014656067
0.018955178558826447
0.0030417144298553467
0.021668247878551483
0.006017034407705069
0.0001804270432330668
0.00017290885443799198
0.04043356701731682
0.11620386689901352
4.6379673790397646e-07
0.00010350706725148484
0.00720022851601243
0.00022632701438851655
0.06236245855689049
4.542511305771768e-05
0.021345626562833786
7.32731496100314e-05
1.463623448216822e-05
0.007638816721737385
6.7715925979428e-05
6.593699595214275e-07
1.452861795314675e-07
0.001197825651615858
0.0006887397030368447
0.0001094465987989679
0.005516824312508106
0.0004501003713812679
0.0010440107434988022
1.026169047690928e-05
0.00011517174425534904
0.0017143373843282461
0.05844295769929886
0.05678245425224304
0.13726070523262024
0.0008679748279973865
0.0013869409449398518
0.00011834961333079264
0.026485944166779518
0.005886548664420843
1.3958824638393708e-05
4.328658906160854e-05
0.0008040709653869271
0.04375056177377701
0.00010844376811292022
9.495491394773126e-05
0.0004943051026202738
0.0005067582242190838
0.0008639584993943572
0.010825523175299168
1.2222440091136377e-05
4.2904728616122156e-05
9.95855443761684e-05
3.512025796226226e-05
0.0012360268738120794
0.00024155835853889585
0.0005746707902289927
6.950855095055886e-06
0.0001425637601641938
0.00027474004309624434
0.0012746314750984311
0.001683953101746738
0.000566764734685421
4.167881343164481e-05
0.00010149326408281922
0.019269200041890144
0.0007456367602571845
0.00020808585395570844
0.0011546736350283027
0.00014787311374675483
0.0006130203255452216
0.002520543523132801
0.00022182003885973245
0.0008421812672168016
0.0006640551728196442
0.007528928108513355
3.943397678085603e-05
0.00013964746904093772
0.13349474966526031
0.0006602734210900962
1.770735252648592e-05
0.003643847070634365
0.0021679385099560022
0.00018822442507371306
8.125487511279061e-06
0.0004067250993102789
0.00040881067980080843
6.33601812296547e-05
0.00013885649968869984
1.2330564231888275e-06
2.0502675397437997e-05
0.0029115378856658936
2.1824658688274212e-05
0.00013956382463220507
0.00032691910746507347
0.00027854429208673537
0.0007811884279362857
0.005189608316868544
0.0030459549743682146
0.00021093967370688915
1.323769538430497e-05
0.0004544982220977545
0.000382064376026392
0.0012898048153147101
6.185384336276911e-06
0.0015228746924549341
7.083932723617181e-05
0.005511936731636524
0.14132548868656158
1.5108795196283609e-05
0.00026670825900509953
8.372588490601629e-05
3.56854397978168e-05
0.0010309359058737755
0.000306624046061188
3.781142652314884e-07
3.7324184631870594e-06
0.0003097842272836715
4.535444895736873e-05
9.583628707332537e-05
0.01028089877218008
0.05942893028259277
0.01224059984087944
0.002477759961038828
0.006606884300708771
0.00317715504206717
0.0037522963248193264
0.03493036329746246
0.07993723452091217
0.0003004588943440467
0.00012330884055700153
0.00015472601808141917
0.0008225259371101856
0.005629624705761671
0.00021113055117893964
5.056352529209107e-05
0.00010056891187559813
0.00515836663544178
0.002096523530781269
9.03615728020668e-06
0.000538280641194433
0.00045333884190768003
0.000566241389606148
0.03414314240217209
7.094237662386149e-05
0.007233389187604189
0.0016603036783635616
0.0005851538735441864
0.0009484788170084357
3.227941124350764e-05
0.00014917270164005458
0.00011623138561844826
3.09915303660091e-05
5.999395943945274e-05
0.017729146406054497
6.945736822672188e-05
0.00015113347035367042
5.482929282152327e-06
1.047270416165702e-05
0.05231361463665962
1.7139102055807598e-05
0.00016233130008913577
9.364775905851275e-06
0.0013709040358662605
0.0019821911118924618
2.0273753762012348e-05
9.093641710933298e-05
0.00023581003188155591
5.70291649637511e-06
0.00012000829156022519
8.66299797053216e-06
0.00016924989176914096
0.03373483940958977
0.00011367875413270667
4.998689837520942e-05
0.00012977261212654412
0.017797458916902542
0.00012455455726012588
5.731106739403913e-06
0.0015523489564657211
9.083789336727932e-06
0.0004468396073207259
5.4588221246376634e-05
8.772929618316994e-07
4.266643009032123e-05
0.0012527031358331442
4.1311477616545744e-06
0.0026073993649333715
0.00034315395168960094
0.0014491758774966002
0.0003843281592708081
0.0009183818474411964
0.0001026254758471623
0.0005135241663083434
0.00010632564226398245
0.00019661012629512697
0.0005805119872093201
0.09633465856313705
1.1807756891357712e-05
2.4808447051327676e-05
0.00013200566172599792
2.2090446236688877e-06
0.026142306625843048
0.0006120270700193942
0.024636996909976006
3.82721409550868e-05
3.078826694036252e-06
0.0007805422646924853
2.0693223632406443e-06
3.7157042243052274e-05
1.233098464581417e-05
3.4424036130076274e-05
1.4646238923887722e-05
0.00012282939860597253
0.00020548002794384956
0.000541565241292119
0.000843134184833616
1.2675371181103401e-05
8.305095434479881e-06
0.0006189258419908583
0.007706267759203911
7.995019404916093e-05
0.13474835455417633
0.0005996300606057048
6.191441207192838e-05
0.009056773036718369
0.000127699866425246
0.0023761761840432882
0.00013735411630477756
8.094545046333224e-05
0.00128385447897017
0.00043871853267773986
7.760821972624399e-06
1.4770592997592757e-06
0.0022369874641299248
0.0009806324960663915
0.0021166042424738407
0.0006249194266274571
2.0153329387539998e-06
0.006756896618753672
0.000694180722348392
2.931312337750569e-05
0.03770268335938454
3.5518155527825e-06
5.4942487622611225e-05
0.002741812262684107
3.334112363972963e-07
0.00045734067680314183
0.0010456620948389173
0.00015987094957381487
3.579929762054235e-05
4.340370651334524e-05
1.817792872316204e-05
0.001667686621658504
0.00043518064194358885
5.57083694729954e-06
3.818837649305351e-05
0.044519517570734024
2.9813085347996093e-05
0.04491543024778366
1.0532756277825683e-05
4.046797766932286e-05
1.2926514045830118e-06
0.0026274994015693665
5.009714368497953e-05
0.0015071132220327854
0.029808832332491875
0.0006484038894996047
4.311006341595203e-05
3.231535811210051e-05
0.00034444735501892865
0.0001508264831500128
7.320147688005818e-07
0.0028654495254158974
0.00046736031072214246
0.00011497646482894197
0.00032481877133250237
3.305166319478303e-05
4.656596388485923e-07
0.0002822770911734551
3.162593884553644e-06
0.046199217438697815
0.00037356780376285315
0.0003776095400098711
3.860638753394596e-05
0.00016533084271941334
3.4088618122041225e-05
4.9899455916602165e-05
4.259651177562773e-06
0.00019410497043281794
0.024413064122200012
0.019295644015073776
5.592714387603337e-06
5.734667411161354e-06
0.0001668682525632903
1.698920277704019e-05
5.833420800627209e-06
0.0004079005739185959
0.0009890464134514332
5.421856258180924e-05
0.00030909304041415453
0.010911408811807632
1.2702855656243628e-06
7.413712410198059e-06
3.7625153481712914e-07
0.0002955040254164487
1.8188384274253622e-05
0.00011178456770721823
0.00028349447529762983
0.00025115025346167386
0.00630751671269536
1.2663313100347295e-05
0.00013327223132364452
0.0002677689481060952
0.0015183765208348632
0.001244832994416356
0.10277895629405975
0.0017075379146263003
0.0013135905610397458
4.971037560608238e-05
0.0002021055406657979
0.01210847683250904
2.2169564545038156e-05
6.130481779109687e-05
5.323237564880401e-05
0.0009875131072476506
0.00016763618623372167
0.00014394233585335314
0.0007889583357609808
0.00022223325504455715
0.003390261437743902
0.00036571439704857767
1.5161704141064547e-06
6.647224654443562e-05
0.008476339280605316
2.140050128218718e-06
0.0008522412972524762
1.8812659163813805e-07
0.0002354945900151506
6.2763597270532046e-06
0.0001309664366999641
0.03403937444090843
0.0006066594505682588
1.0500245480216108e-05
1.528849679743871e-05
5.870513632544316e-06
1.5754354535602033e-05
0.0021174659486860037
0.002039436250925064
0.00032562241540290415
5.904552722313383e-07
4.341810927144252e-05
0.013824732042849064
0.001970120705664158
0.01710967905819416
0.02408735454082489
1.1715775372067583e-06
0.0004929950810037553
1.45372687256895e-05
1.985542667171103e-06
0.03747254237532616
0.00017847964772954583
1.031880174195976e-06
6.517775182146579e-05
1.6186169204956968e-06
0.02614736743271351
5.3439493058249354e-05
6.138667959021404e-05
3.1998024496715516e-05
0.00010749381181085482
0.0003111079859081656
4.175545200268971e-06
6.988926907069981e-05
0.0006095629651099443
0.0005351658910512924
1.2131450603192206e-05
0.00037161496584303677
0.00071975082391873
0.0007486382382921875
0.014243359677493572
3.79631674150005e-05
0.00012169792898930609
8.188939682440832e-05
0.0009398024994879961
0.00035403206129558384
0.09098893404006958
2.322628461115528e-06
0.0021469895727932453
0.00019365297339390963
0.0005349585553631186
0.00041240963037125766
0.005830917973071337
0.00023325640358962119
0.0007005211664363742
0.0004989038570784032
8.306247764267027e-05
5.252618393569719e-07
0.0001433682773495093
6.239793606255262e-07
1.7333673895336688e-05
6.437303818529472e-05
0.00011033308692276478
1.5698602510383353e-05
0.024894680827856064
0.0013418695889413357
7.189740358626295e-07
1.3637522897624876e-05
0.003425375558435917
0.030692962929606438
0.0004989593289792538
0.09271625429391861
1.7698061128612608e-05
6.032789315213449e-06
0.0003001310979016125
0.0031087584793567657
0.006444357335567474
4.4371761759975925e-05
0.00024110918457154185
0.0038810099940747023
0.0010733475210145116
5.5326639994746074e-05
2.5816785637289286e-05
0.0012412300566211343
0.00046645000111311674
0.00022394192637875676
4.130274828639813e-05
3.4458673781045945e-07
0.0004096147313248366
3.9660255424678326e-05
7.82601819082629e-06
1.7683814803604037e-05
0.0003568757383618504
0.0002586494665592909
0.00211568595841527
7.311019726330414e-05
0.00029052962781861424
0.000623550615273416
3.8031306758057326e-05
2.3963597413967364e-05
2.8942906737938756e-06
2.5259123503929004e-05
0.012893682345747948
0.0006469656946137547
2.9988274036441e-05
1.2405081406541285e-06
4.684923987952061e-05
1.753618744260166e-05
0.029014714062213898
0.00012707962014246732
0.0005899757379665971
0.0003628447884693742
0.0028464675415307283
4.190941069737164e-07
2.9763982638542075e-06
0.0419839508831501
0.00019472032727207989
6.50207812213921e-06
0.0007633981294929981
4.062842344865203e-05
6.932132237125188e-05
0.00017164013115689158
5.7011278840946034e-05
0.0003956530708819628
1.5145010365813505e-05
0.0018803697312250733
5.000857527193148e-06
2.6485708986001555e-06
5.941212293691933e-05
2.270669210702181e-05
3.3002885174937546e-05
0.00010981907689711079
0.0001111469027819112
0.030347267165780067
0.0015131238615140319
1.355990889351233e-06
4.991863420400477e-07
2.5312506295449566e-06
0.0009628902189433575
0.04567141830921173
4.691232243203558e-05
1.3057300748187117e-05
5.4622228162770625e-06
0.00016469726688228548
1.6551850421819836e-05
8.611820703663398e-06
1.1287379493296612e-06
0.00189132709056139
4.12748795497464e-06
2.6633813831722364e-05
0.0029542366974055767
5.420243383014167e-07
3.837020585706341e-07
3.687995615564432e-07
